Procedure:
1. Remove retweets, duplicates (with urls removed)
2. Find all tweets that contain one of these keywords: {'hospital':[], 'evacuate':[], 'clos':[], 'full':[], 'flood':[], 'victim':[]} (59244)
3. Drop NaN locations (46410), duplicate usernames
4. Only look at locations with ',' in name, that don't have numbers, '!', or '/', that end with 2 capital letters (state abbr.)
Step 3-4 Code:
select_users2 = select_users.drop_duplicates(subset='user').reset_index(drop=True)
select_users2 = select_users2.dropna(subset='location', inplace=True).reset_index(drop=True)
select_users2 = select_users2[select_users2['location'].str.contains(',')].reset_index(drop=True)
select_users2 = select_users2[~select_users2['location'].str.contains('[0-9]|!|/')].reset_index(drop=True)
select_users2 = select_users2[select_users2['location'].str.contains('[A-Z]{2}$')].reset_index(drop=True)
End with 12256 users with locations.
First 319 lat lon coordinates:
lat = [32.0790074, 8.980591149999999, 29.7589382, 30.0798826, 19.593801499999998, 36.7014631, 52.2055314, 30.3321838, 37.7884969, 35.0457219, 52.666667, 47.6038321, 29.834772, 27.7567667, 27.7635302, 36.1622767, 32.7762719, 40.4416941, 36.1622767, 38.4391517, 32.3293809, 43.8122836, 45.9896587, 33.9670589, 29.7589382, 39.100105, 40.0757384, 29.7589382, 37.5385087, 43.6256168, 37.1232245, 33.7489924, 30.8703881, 35.7730076, 47.6038321, 40.7127281, 30.0860459, 30.2711286, 37.8044557, 34.0536909, 39.7392364, 40.6526006, 39.9527237, 39.9527237, 27.9477595, 40.7127281, 41.0267376, 42.3306529, 38.8950368, 32.7762719, 43.6211955, 40.7433066, 30.4380832, 37.130408, 33.0186699, 38.7251776, 32.2998686, 30.8703881, 39.24656375, 41.6500201, 41.764582, 31.2638905, 41.4169806, 30.3321838, 30.2094574, 37.6922361, 35.2272086, 30.421309, 30.5552959, 40.6526006, 36.1622767, 32.7174202, 34.1092735, 35.6729639, 40.0757384, 30.8703881, 27.7635302, 38.8950368, 26.715364, 42.9058971, 28.5695186, 34.2203056, 42.3788774, 41.7571701, 32.753177, 4.099917, 41.0308808, 37.8044557, 29.7589382, 33.1626194, 40.6526006, 47.6038321, 35.7730076, 35.0457219, 33.5855677, 36.7014631, 40.7215682, 29.4246002, 44.4308975, 35.0457219, 39.1014537, 40.6526006, 31.2638905, -36.5986096, 47.6134331, 36.1622767, 40.3270127, 41.4899827, 41.7962409, 33.5855677, 36.1622767, 40.7127281, 40.7127281, 40.7944504, 39.9527237, 33.0136764, 42.7656251, 30.1734194, 42.2964859, 32.7762719, 29.9759983, 36.3134398, 46.0612076, 36.1672559, 36.1672559, 47.6038321, 25.7741728, 35.2272086, 44.4308975, 32.7884363, 41.000028, 33.7489924, 36.7014631, 37.6922361, 27.7700475, 49.2608724, 26.3586885, 29.9759983, 30.4380832, 40.7127281, 20.6555678, 27.9477595, 40.7127281, 29.7589382, 42.9033917, 37.7790262, 39.2908816, 32.7884363, 43.074761, 29.7589382, 29.5293998, 27.7567667, 29.3872254, 41.4996574, 34.6086854, 29.9759983, 40.8509333, 33.6956461, 31.2638905, 33.7489924, 33.7489924, 43.0959147, 35.9420431, 40.5462553, 26.715364, 32.0790074, -30.3154739, 40.0149856, 29.7589382, 27.7567667, 40.8358846, 45.9896587, 38.9997621, 38.9997621, 41.6500201, 39.9527237, 30.8703881, 29.7589382, 40.7944504, 31.7550511, 30.421309, 30.0798826, 30.2711286, 30.6913462, 26.204114, 42.3788774, 36.1563122, 37.8709542, 33.7489924, 38.953055899999995, 38.8950368, 41.8119602, 32.8339546, 30.4494155, 42.3554334, 33.4255117, 27.9477595, 39.8560679, 29.7589382, 47.7564667, 33.5855677, 34.0536909, 35.2225717, 40.8358846, 29.9759983, 30.4494155, 29.7589382, 29.7589382, 30.2711286, 40.6526006, 36.3781607, 36.0625843, 32.7884363, 31.2638905, 30.4494155, 34.395342, 33.7489924, 37.7790262, 27.7567667, 29.5293998, 43.157285, 28.5421109, 38.6920451, 35.6729639, 41.1763139, 33.7489924, 29.7589382, 41.4860186, 41.6362152, 40.2253569, 28.0341847, 44.9772995, 27.6886419, 30.2711286, 35.8460396, 29.7589382, 27.7567667, 52.4796992, 29.7589382, 30.2365943, 40.7127281, 35.7803977, 37.7021524, 33.4709714, 25.7741728, 32.7762719, 28.5421109, 38.980666, 41.4899827, 31.2638905, 25.7741728, 33.7489924, 30.8703881, 31.1728205, 35.4108278, 41.6500201, 34.0536909, 43.9792797, 29.7589382, 29.7589382, 32.753177, 30.2711286, 38.2856247, 35.2272086, 33.8278405, 27.7567667, 31.2638905, 39.8208998, 39.7459468, 28.5421109, 43.207178, 21.304547, 38.7251776, 36.5277607, 51.4538022, 27.7567667, 43.6211955, 37.9755648, 30.4494155, 31.0465776, 29.9759983, 30.4494155, 29.9759983, 33.144920299999995, 26.301135, 42.3788774, 29.5957696, 30.8703881, 35.2272086, 30.2043259, 37.0833893, 29.9759983, 39.9622601, 34.0440571, 30.4494155, 30.846201, 39.7392364, 31.8151416, 29.9759983, 25.7741728, 44.9772995, 37.3438815, 29.7589382, 41.8755616, 39.9555928, 26.5275781, 29.9759983, 35.6729639, 40.4416941, 32.89651945, 39.7459468, 41.5910323, 43.0349931, 40.9699889, 57.5066357, 46.4691278, 29.9759983, 35.4729886, 29.9759983]
lon = [-81.0921335, 125.40943396692927, -95.3676974, -95.4172549, -155.42837009716908, -118.755997, 0.1186637, -81.655651, -122.3558473, -85.3094883, 1.0, -122.330062, -94.1704496, -81.4639835, -97.4033191, -86.7742984, -96.7968559, -79.9900861, -86.7742984, -89.1627456, -83.1137366, -91.2514355, -94.6113288, -83.2782101, -95.3676974, -94.5781416, -74.4041622, -95.3676974, -77.43428, -89.7715646, -78.4927721, -84.3902644, -92.007126, -86.2820081, -122.330062, -74.0060152, -94.1018461, -97.7436995, -122.271356, -118.242766, -104.984862, -73.9497211, -75.1635262, -75.1635262, -82.458444, -74.0060152, -81.9334012, -71.1661647, -77.0365427, -96.7968559, -84.6824346, -74.0323752, -84.2809332, -121.6544974, -80.1762704, -105.607716, -90.1830408, -92.007126, -97.34284800780038, -72.7342163, -72.6908547, -98.5456116, -87.3653136, -81.655651, -95.7508098, -97.3375448, -80.8430827, -87.2169149, -87.7109526, -73.9497211, -86.7742984, -117.1627728, -83.7626729, -79.0392919, -74.4041622, -92.007126, -97.4033191, -77.0365427, -80.0532942, -77.5391622, -81.544117, -78.0335992, -72.032366, -88.3147539, -97.3327459, -72.9088133, 37.500221, -122.271356, -95.3676974, -96.9375051, -73.9497211, -122.330062, -86.2820081, -85.3094883, -101.8470215, -118.755997, -74.047455, -98.4951405, -89.6884637, -85.3094883, -84.5124602, -73.9497211, -98.5456116, 144.6780052, -122.1215109, -86.7742984, -86.1746933, -71.3137707, -71.5992372, -101.8470215, -86.7742984, -74.0060152, -74.0060152, -77.8616386, -75.1635262, -96.6925096, -71.4677032, -95.504686, -71.2925571, -96.7968559, -90.0782127, -82.3534728, -64.8033246, -115.148516, -115.148516, -122.330062, -80.19362, -80.8430827, -89.6884637, -79.9399309, 19.9999619, -84.3902644, -118.755997, -97.3375448, -82.6359078, -123.113952, -80.0830984, -90.0782127, -84.2809332, -74.0060152, -101.3874889, -82.458444, -74.0060152, -95.3676974, -78.7547536, -122.419906, -76.610759, -79.9399309, -89.3837613, -95.3676974, -95.2010447, -81.4639835, -94.992736, -81.6936772, -98.3903305, -90.0782127, -73.9701382, -78.8900409, -98.5456116, -84.3902644, -84.3902644, -71.2679749, -95.8833235, -74.4660408, -80.0532942, -81.0921335, -61.1645076, -105.270545, -95.3676974, -81.4639835, 14.2487679, -94.6113288, -77.02403709829767, -77.02403709829767, -72.7342163, -75.1635262, -92.007126, -95.3676974, -77.8616386, -106.4882345, -87.2169149, -95.4172549, -97.7436995, -88.0437509, -98.2300605, -72.032366, -95.9927516, -96.2471338, -84.3902644, -77.35021396591173, -77.0365427, -79.2654452, -109.70758, -91.1869659, -71.060511, -111.9400164, -82.458444, -4.0239568, -95.3676974, -122.3437497, -101.8470215, -118.242766, -97.4394816, 14.2487679, -90.0782127, -91.1869659, -95.3676974, -95.3676974, -97.7436995, -73.9497211, -95.6190889, -94.1574328, -79.9399309, -98.5456116, -91.1869659, -111.763275, -84.3902644, -122.419906, -81.4639835, -95.2010447, -77.615214, -81.3790304, -75.4013315, -79.0392919, -73.7907554, -84.3902644, -95.3676974, -73.0509432, -70.934205, -82.6881395, -82.6650992, -93.2654692, -82.5723193, -97.7436995, -86.3921096, -95.3676974, -81.4639835, -1.9026911, -95.3676974, -93.3773783, -74.0060152, -78.6390989, -120.1279636, -81.9748429, -80.19362, -96.7968559, -81.3790304, -76.9369189, -71.3137707, -98.5456116, -80.19362, -84.3902644, -92.007126, -7.3362482, -80.8429304, -72.7342163, -118.242766, -120.737257, -95.3676974, -95.3676974, -97.3327459, -97.7436995, -85.8241312, -80.8430827, -78.6800323, -81.4639835, -98.5456116, -84.0193858, -75.546589, -81.3790304, -71.537476, -157.855676, -105.607716, -87.3588703, -2.5972985, -81.4639835, -84.6824346, 23.7348324, -91.1869659, -93.2054396, -90.0782127, -91.1869659, -90.0782127, -94.96676389972137, -81.797742, -72.032366, -90.7195348, -92.007126, -80.8430827, -92.0298813, -88.6000478, -90.0782127, -83.0007065, -118.2438507, -91.1869659, -93.289281, -104.984862, -101.0452671, -90.0782127, -80.19362, -93.2654692, -79.95826754665987, -95.3676974, -87.6244212, -86.0138729, -82.1948171, -90.0782127, -79.0392919, -79.9900861, -97.0465220537124, -75.546589, -93.6046655, -87.922497, -77.7278831, -5.0038367, -95.2330859, -90.0782127, -97.5170536, -90.0782127]
Note: Too many users/coordinates to compute, better to work with smaller subset

Alternative approach:
1. From 46410 tweets, extract ones that contain 'hospital' (3473)
2. Drop duplicate usernames (2849)
3. Only use locations that contain comma (1577)
4. Repeat step 4 from above procedure, also remove '-'. (1198)
5. From those 1198 locations, left with 480 unique ones.

coordinates = {'Austin': (30.2711286, -97.7436995), 'Valley Forge': (40.0970507, -75.4696358), 'Brick': (52.443165, -9.6326147), 'Harrison Township': (39.262525600000004, -84.84310811722057), 'Dallas': (32.7762719, -96.7968559), 'Green Bay': (44.5126379, -88.0125794), 'The South': (10.32129075, 123.87440934536784), 'Miami': (25.7741728, -80.19362), 'Twin Cities': (38.2910251, -121.31106), 'Tampa': (27.9477595, -82.458444), 'Houston': (29.7589382, -95.3676974), 'Brightwaters': (40.7209321, -73.2673399), 'Massachusetts': (42.3788774, -72.032366), 'St Petersburg': (27.7700475, -82.6359078), 'Tarpon Springs': (28.148082950000003, -82.74380159717906), 'New York': (40.7127281, -74.0060152), 'Shreveport': (32.5135356, -93.7477839), 'Oklahoma': (34.9550817, -97.2684063), 'Columbia': (4.099917, -72.9088133), 'Myrtle Beach': (33.6956461, -78.8900409), 'Fort Myers Beach': (26.4520248, -81.948145), 'Birmingham': (52.4796992, -1.9026911), 'Boston': (42.3554334, -71.060511), 'San Jose': (37.3361663, -121.890591), 'Chattanooga': (35.0457219, -85.3094883), 'North Florida': (26.2886951, -98.3175282), 'Arlington': (32.7355816, -97.1071186), 'Santa Barbara': (34.4221319, -119.702667), 'Hyattsville': (38.9529442, -76.9408647), 'Mount Carmel': (38.4108801, -87.7614174), 'Corpus Christi': (27.7635302, -97.4033191), 'Oklahoma City': (35.4729886, -97.5170536), 'LAGOS': (6.4550575, 3.3941795), 'Kirkland': (47.6765382, -122.2070775), 'Silver Spring': (38.9997621, -77.02403709829767), 'Skiatook': (36.3684245, -96.0013847), 'Beverly Hills': (34.0696501, -118.3963062), 'Missouri': (38.7604815, -92.5617875), 'n.w.': (-26.1347819, 25.6546729), 'Whidbey Island Washington': (48.15814255, -122.59742939440014), 'Bowling Green': (36.9903199, -86.4436018), 'Forgetaboutit': (33.1286408, -107.2548546), 'Washington': (38.8950368, -77.0365427), 'Portsmouth': (50.800031, -1.0906023), 'Shadow Mountains': nan, 'Phulbari': (25.5683044, 87.8823852), 'Florida': (27.7567667, -81.4639835), 'Lakewood': (39.7085736, -105.0846694), 'Tennessee': (35.7730076, -86.2820081), 'West Palm Beach': (26.715364, -80.0532942), 'Columbus': (39.9622601, -83.0007065), 'Middlebury': (44.007273600000005, -73.16330105415423), 'San Bruno': (37.6261715, -122.433243), 'Indio': (33.7192808, -116.2188054), 'Red City': (-27.81762775, 153.28849899744898), 'Cullman': (34.1335332, -86.8779268), 'Ventnor City': (39.3405045, -74.4773916), 'Conway': (35.2521996, -92.6888936), 'South Carolina & Oregon': (45.4787113, -122.6768531), 'Dearborn': (42.3222599, -83.1763145), 'South Jordan': (40.5584882, -111.9367107), 'Marfa': (30.3117621, -104.023146), 'Gretna': (29.9146493, -90.0539604), 'Collin County': (33.1609629, -96.6060984), 'Cincinnati': (39.1014537, -84.5124602), 'Rogers': (36.3781607, -95.6190889), 'Cesspool of Sin': nan, 'Madison': (43.074761, -89.3837613), 'Puerto Rico': (18.2247706, -66.4858295), 'Sioux Falls': (43.5488256, -96.7307737), 'Ithaca': (42.437417499999995, -76.54837235139263), 'Winter Springs': (28.6987064, -81.3054759), 'Detroit': (42.3315509, -83.0466403), 'NP': (28.1083929, 84.0917139), 'Lincoln': (40.8088861, -96.7077751), 'Concord': (43.207178, -71.537476), 'Fort Smith': (35.3784666, -94.3996456), 'Cambridge': (52.2055314, 0.1186637), 'Park Slope': (40.6701033, -73.9859723), 'Plano': (33.0136764, -96.6925096), 'Oak Park': (41.8878145, -87.7887615), 'Union': (37.4616454, -89.2504793), 'Monett Missouri': (36.9289518, -93.9277149), 'Kaplan': (30.0031884, -92.2860146), 'Aiken': (33.5723191, -81.6182086), 'Mammoth Lakes': (37.6432525, -118.9668509), 'State College': (40.7944504, -77.8616386), 'Saint Cloud': (48.8437412, 2.219344), 'Wyoming': (43.1700264, -107.568534), 'Salt Lake City': (40.7596198, -111.886797), 'College Station': (30.5955289, -96.3071042), 'Scottsdale': (33.4942189, -111.926018), 'North Dakota': (47.6201461, -100.540737), 'South Miami': (25.7076017, -80.2933846), 'Earth': (34.2331373, -102.4107493), 'Vancouver': (49.2608724, -123.113952), 'Port Arthur': (29.8988618, -93.9288723), 'Monroe': (38.2722313, -90.1792484), 'Maryland': (39.5162401, -76.9382069), 'Hartford': (41.764582, -72.6908547), 'Mesa': (33.4151005, -111.831455), 'St Paul': (44.9497487, -93.0931028), 'Norfolk': (52.666667, 1.0), 'Watertown': (42.3652226, -71.1843771), 'Mandeville': (49.2206407, 1.0116837), 'Rocky River': (41.4756031, -81.8393034), 'Lake Wylie': (35.1085916, -81.0424965), 'Franklin': (33.2002659, -95.2231752), 'Ogden': (41.2230048, -111.9738429), 'Mississippi Gulf Coast': (30.42927775, -89.05722064814566), 'Barrow': (33.9848611, -83.6996482), 'Alaska': (64.4459613, -149.680909), 'Santa Cruz': (28.469648, -16.2540884), 'Amherst': (42.3685658, -72.505714), 'Jenks': (36.0228734, -95.9683278), 'Miami Lakes': (25.9087056, -80.3086619), 'Coppell': (32.9552598, -97.0155703), 'Lehigh Valley': (40.5887558, -75.564283), 'Daytona Beach': (29.2108147, -81.0228331), 'Panama City': (30.1586518, -85.6602936), 'Gulfport': (30.3674198, -89.0928155), 'Lake Worth Beach': (26.6159698, -80.0569927), 'Tucson': (32.2228765, -110.9748477), 'Shrewsbury': (52.707755, -2.7540658), 'Shippensburg': (40.0507198, -77.5205485), 'Palm Beach': (26.6279798, -80.4494174), 'Apex': (35.7325352, -78.8505516), 'Rust belt': nan, 'Delaware': (38.6920451, -75.4013315), 'Little Rock': (34.7465071, -92.2896267), 'Carl Junction': (37.1767058, -94.5649938), 'Middlesex county': (42.485452, -71.3968261), 'Hokkaido': (43.4519831, 142.8197834), 'Lewisville': (33.046233, -96.994174), 'Philadelphia PA': (39.9527237, -75.1635262), 'Eau Claire': (44.811349, -91.4984941), 'Winchester': (51.0612766, -1.3131692), 'Palo Alto': (37.4443293, -122.1598465), 'Constantinopolis': (41.0091982, 28.9662187), 'Alexandria': (38.8051095, -77.0470229), 'Eugene': (44.0505054, -123.0950506), 'Oak Lawn': (41.7108662, -87.7581081), 'Valdosta': (30.8327022, -83.2784851), 'Austin or College Station': nan, 'Colorado Springs': (38.8339578, -104.825348), 'St. Louis': (38.6280278, -90.1910154), 'New Haven': (41.3082138, -72.9250518), 'Okmulgee': (35.6677078, -95.9690122), 'SF Bay': (37.8069936, -122.4064735), 'OKC': (35.3955479, -97.5962256), 'ABQ': (35.0841034, -106.650985), 'Syracuse': (43.0481221, -76.1474244), 'Eastern Oregon': (14.6132295, 121.1001333), 'Philadelphia': (39.9527237, -75.1635262), 'Dothan': (31.2237285, -85.3934375), 'Palm Springs': (33.772179449999996, -116.49529769683983), 'Alpharetta': (34.0709576, -84.2747329), 'Durham': (35.996653, -78.9018053), 'Bristol': (51.4538022, -2.5972985), 'Walkersville': (39.4817659, -77.3507698), 'Bradford': (53.7944229, -1.7519186), 'Rhode Island': (41.7962409, -71.5992372), 'Auburn': (32.6098566, -85.4807825), 'Lake Elsinore': (33.6680772, -117.3272615), 'Prince George': (37.1815024, -77.2153144), 'Mountain View': (37.3893889, -122.0832101), 'Newcastle': (54.9738474, -1.6131572), 'Long Beach': (33.7690164, -118.191604), 'New Orleans': (29.9759983, -90.0782127), 'Indiana': (40.3270127, -86.1746933), 'TX': (31.2638905, -98.5456116), 'Cape Coral': (26.6059432, -81.9806771), 'Marietta': (33.9528472, -84.5496148), 'Lake Oswego': (45.4206749, -122.670649), 'Hells Hollow': (36.1445, -113.110927), 'Jersey City': (40.7215682, -74.047455), 'Mooresville': (35.5848596, -80.8100724), 'Sarasota': (27.3365805, -82.5308545), 'Vernon': (49.0917814, 1.4886571), 'Yuma': (32.665135, -114.47603157249804), 'Fort Worth': (32.753177, -97.3327459), 'Beaumont': (30.0860459, -94.1018461), 'Sunny AZ': (33.420268899999996, -111.62671412409372), 'Baltimore': (39.2908816, -76.610759), 'East Contra Costa County': (37.944924, -122.3135811), 'Amarillo': (35.2072185, -101.833824), 'Tottenville Staten Island': (40.5127684, -74.2519703), 'SE houston': (40.2464593, -80.2114472), 'London': (51.5073359, -0.12765), 'Minnesota City': (44.0938521, -91.7495959), 'Brandon': (46.35270835, 4.577608667704116), 'Howell': (36.766989, -91.9151975), 'Gainesville': (29.6519684, -82.3249846), 'Roscoe': (32.441615, -100.539297), 'Johnson City': (36.3134398, -82.3534728), 'Oviedo': (43.3604218, -5.8450534), 'Pittsburgh': (40.4416941, -79.9900861), 'Youngstown': (41.1035786, -80.6520161), 'Rochester': (43.157285, -77.615214), 'Federal Way': (47.313494, -122.33931), 'Edwardsville': (38.8114364, -89.953157), 'Yadkinville': (36.1345807, -80.6595079), 'Memphis': (35.1460249, -90.0517638), 'Sunnyvale': (37.3688301, -122.036349), 'San Mateo': (37.496904, -122.3330573), 'Tulsa': (36.1563122, -95.9927516), 'Hilo': (19.7073734, -155.08158), 'Aurora': (41.7571701, -88.3147539), 'Clarksville': (36.5277607, -87.3588703), 'Bronx': (40.851039, -73.84025027765061), 'Hanover': (52.3744779, 9.7385532), 'Friendswood': (29.5293998, -95.2010447), 'Live Truck': (31.525938, -91.76799), 'Tyler': (32.3512601, -95.3010624), 'East Brooklyn': (41.7985088, -71.90113967087393), 'In my zone': (10.01026465, 76.28739732113138), 'Long Island': (40.85149705, -73.0994258107431), 'Pawtucket': (41.878711, -71.3825558), 'South Dakota': (44.6471761, -100.348761), 'United States': (39.7837304, -100.445882), 'Port Huron': (42.9815877, -82.440466), 'The Widening Gyre': nan, 'Lost Angeles': (34.4101325, -118.4407684), 'Coos Bay': (43.3678937, -124.2174647), 'Get my mail in Raleigh': nan, 'Manhattan': (40.7896239, -73.9598939), ' San Diego': (32.7174202, -117.1627728), 'Buffalo': (42.8867166, -78.8783922), 'Woodstock': (42.0410578, -74.1182492), 'Ashby': (46.093016, -95.81755), 'East Lansing': (42.7320307, -84.4721678), 'Mississippi State': (33.4549304, -88.7859584), 'Whidbey Island': (48.15814255, -122.59742939440014), 'Naperville': (41.7728699, -88.1479278), 'Coachella Valley': (33.7672351, -116.3560439), 'Fort Washington': (38.738019, -77.00207559994112), 'Palm Harbor': (28.0856815, -82.75690699742961), 'Brookhaven': (31.5790667, -90.4407122), 'Conyers': (33.6676103, -84.0176904), 'Edmonds': (47.8105738, -122.3774952), 'Wyncote': (40.0906988, -75.14588569222737), 'Simi Valley': (34.2677404, -118.7538071), '📍Minneapolis': (44.9772995, -93.2654692), 'Savannah': (32.0790074, -81.0921335), 'Parkland': (26.3100794, -80.23727), 'Beaverton': (45.4871723, -122.80378), 'Koasati Mvskoke lands': nan, 'Bay Village': (42.3492219, -71.0678965), 'Lynchburg': (37.4137536, -79.1422464), 'Asheville': (35.595076, -82.5528478), 'Mishawaka': (41.6611642, -86.1807031), 'Manchester': (53.4794892, -2.2451148), 'Padre Island': (26.8445017, -97.3677593), 'Queens': (40.7135078, -73.8283132), 'Wichita': (37.6922361, -97.3375448), 'Hawthorne': (33.9188589, -118.3483256), 'Laramie': (41.311367, -105.591101), 'Bedford': (40.0271453, -78.5237447), 'Springfield': (39.7990175, -89.6439575), 'East Hartford': (41.7823216, -72.6120346), 'Texarkana': (33.44667445, -94.07714830522015), 'Edmonton': (53.5462055, -113.491241), 'Raceland': (38.5399754, -82.7283275), 'Ypsilanti': (42.2410562, -83.613055), 'Fleet': (51.2828601, -0.8316334471979006), 'Ft. Lauderdale': (26.1223084, -80.1433786), 'Merced': (37.1641544, -120.7678602), 'Wenonah': (39.323392, -89.28872217620508), 'Jacksonville': (30.3321838, -81.655651), 'South Haven': (45.2922849, -94.2120667), 'Weat Union': nan, 'Terrytown': (29.9039461, -90.02892838083972), 'Santa Clara': (37.2333253, -121.6846349), 'Metairie': (29.9899926, -90.1505426), 'Herndon': (39.909726, -100.785153), 'Connecticut': (41.6500201, -72.7342163), 'Greensboro': (36.0726355, -79.7919754), 'IL': (40.0796606, -89.4337288), 'Half Moon Bay': (52.3472138, -114.1766304), 'McKinney': (33.1976496, -96.6154471), 'Akron': (41.083064, -81.518485), 'Covington': (39.0836224, -84.508371), 'Cresskill': (40.9414874, -73.9593041), 'Maui': (20.802956799999997, -156.31068331602177), 'the Sunny Side of Hell': nan, 'Virginia Beach': (36.8529841, -75.9774183), 'Bangor': (44.8036159, -68.7702127), 'Frederick': (39.2127031, -78.279166), 'HUMACAO': (18.1491849, -65.8250136), 'Riverview': (46.0612076, -64.8033246), 'El Dorado Hills': (38.67716825, -121.06431968581433), 'East Tennessee': (35.79958245, -84.10528221226122), 'Culloden': (57.4891455, -4.1348941), 'Charleston': (32.7884363, -79.9399309), 'Hackettstown': (40.8538944, -74.8291638), 'Washingduck': nan, 'Yardley': (40.245664, -74.8459972), 'Johnston': (35.5285816, -78.3768021), 'Rock Hill': (34.9248667, -81.0250784), 'Wake Forest': (35.9803138, -78.5103731), 'Hawaii': (19.593801499999998, -155.42837009716908), 'North Carolina': (35.6729639, -79.0392919), 'California': (36.7014631, -118.755997), 'Cheektowaga': (42.9033917, -78.7547536), 'Louisiana': (30.8703881, -92.007126), 'Honolulu': (21.304547, -157.855676), 'Baton Rouge': (30.4494155, -91.1869659), 'Denver': (39.7392364, -104.984862), 'Chicago': (41.8755616, -87.6244212), 'Hammond': (41.5833618, -87.5000081), 'Texas': (31.2638905, -98.5456116), 'Meridian': (32.3643098, -88.703656), 'Waterford Works': (39.7231721, -74.8490515), 'Albany': (41.000028, 19.9999619), 'Portland': (45.5202471, -122.674194), 'Ocala': (29.1871986, -82.1400923), 'Omaha': (41.2587459, -95.9383758), 'Spokane': (47.6571934, -117.42351), 'Los Angeles': (34.0536909, -118.242766), 'Knoxville': (35.9603948, -83.9210261), 'Worcester': (42.2625621, -71.8018877), 'Reno': (39.5261206, -119.8126581), 'New Hampshire': (43.4849133, -71.6553992), 'Pennsylvania': (40.9699889, -77.7278831), 'Tallahassee': (30.4380832, -84.2809332), 'Jackson': (32.2998686, -90.1830408), 'Cedar Creek': (41.0366655, -96.0994583), 'Charlottesville': (38.029306, -78.4766781), 'Minnesota': (45.9896587, -94.6113288), 'Palm Bay': (27.9946969, -80.6366144), 'Atlanta': (33.7489924, -84.3902644), 'Seattle': (47.6038321, -122.330062), 'Lansing': (42.7337712, -84.5553805), 'Oxford': (51.7520131, -1.2578499), 'San Marcos': (29.8826436, -97.9405828), 'Maryville': (38.7236594, -89.9559348), 'Kentucky': (37.5726028, -85.1551411), 'Mobile': (30.6913462, -88.0437509), 'Pontotoc': (34.2114655, -89.0382651), 'Tacoma': (47.2455013, -122.438329), 'Everett': (47.9793437, -122.2127011), 'New Jersey': (40.0757384, -74.4041622), 'Richmond': (37.5385087, -77.43428), 'Kansas City': (39.100105, -94.5781416), 'Boulder': (40.0149856, -105.270545), 'Naweleeans': nan, 'Las Vegas': (36.1672559, -115.148516), 'Iowa': (41.9216734, -93.3122705), 'Georgia': (32.3293809, -83.1137366), 'West Springfield': (42.105237, -72.6213712), 'Oakley': (37.9974219, -121.7124536), 'Hattiesburg': (31.3271189, -89.2903392), 'Milwaukee': (43.0349931, -87.922497), 'Santa Monica': (34.0194704, -118.491227), 'Boone': (42.321246, -88.8235511), 'Arizona': (34.395342, -111.763275), 'Norman': (35.2225717, -97.4394816), 'Kalamazoo': (42.291707, -85.5872286), 'Denton': (33.1838787, -97.1413417), 'Alabama': (33.2588817, -86.8295337), 'Berkeley': (37.8708393, -122.272863), 'Coconut Creek': (26.2517482, -80.1789351), 'Kansas': (38.27312, -98.5821872), 'Oregon': (43.9792797, -120.737257), 'Phoenix': (33.4484367, -112.074141), 'Rockville': (39.0817985, -77.1516844), 'Colorado': (38.7251776, -105.607716), 'San Tan Valley': (33.1775233, -111.547892), 'New Mexico': (34.5708167, -105.993007), 'Montana': (47.3752671, -109.638757), 'Ragley': (30.512699, -93.2323813), 'Walla Walla': (46.2055155, -118.5174284), 'Davis': (40.7474784, -92.3965311), 'West Coast': (-42.5638896, 171.45233400435404), 'Cos Cob': (41.0334305, -73.5995698), 'Lexington': (38.0464066, -84.4970393), 'Nashville': (36.1622767, -86.7742984), 'Virginia': (37.1232245, -78.4927721), 'Ann Arbor': (42.2681569, -83.7312291), 'South Tampa': (27.9520051, -82.3425239), 'Charlotte': (35.2272086, -80.8430827), 'Tempe': (33.4255117, -111.9400164), 'Space Coast': (-28.1677446, 153.5352458), 'Wilmington': (39.7459468, -75.546589), 'High Springs': (29.8268319, -82.5968583), 'Arkansas': (35.2048883, -92.4479108), 'Mississippi': (32.9715285, -89.7348497), 'San Francisco': (37.7790262, -122.419906), 'Wisconsin': (44.4308975, -89.6884637), 'Palm City': (27.1713925, -80.28422171034893), 'Orlando': (28.5421109, -81.3790304), 'St Louis': (38.6280278, -90.1910154), 'Biloxi': (30.4007626, -88.8893818), 'Ohio': (40.2253569, -82.6881395), 'Raleigh': (35.7803977, -78.6390989), 'Canton': (32.555664, -95.8640507), 'New Albany': (38.2856247, -85.8241312), 'Michigan': (43.6211955, -84.6824346), 'Idaho': (43.6447642, -114.015407), 'Left of You': (38.2005883, -111.4739989), 'Uvalde': (29.300357, -99.7733181), 'Lafayette': (30.2043259, -92.0298813), 'Tigard': (45.4307473, -122.771933), 'Redmond': (47.6694141, -122.1238767), 'Sacramento': (38.5810606, -121.493895), 'Albuquerque': (35.0841034, -106.650985), 'Florence': (43.7698712, 11.2555757), 'Fayetteville': (36.0625843, -94.1574328), 'San Diego': (32.7174202, -117.1627728), 'Staten Island': (40.5834557, -74.1496048), 'Chapel Hill': (35.9131542, -79.05578), 'Springdale': (36.1867442, -94.1288142), 'The good part of  Arizona': nan, 'Iowa City': (41.6612561, -91.5299106), 'Midwest': (43.411391, -106.280075), 'San Antonio': (29.4246002, -98.4951405), 'Henderson': (32.182598, -95.7893178), 'Wrentham': (42.0667652, -71.3281114), 'South Carolina': (33.6874388, -80.4363743), 'Calabasas': (34.1446643, -118.644097), 'Tuscaloosa': (33.2095614, -87.5675258), 'Cleveland': (41.4996574, -81.6936772), 'WV': (38.4758406, -80.8408415), 'Louisville': (38.2542376, -85.759407), 'Providence': (41.8239891, -71.4128343), 'Maine': (45.709097, -68.8590201), 'Santa Rosa': (38.4404925, -122.7141049), 'Munich': (48.1371079, 11.5753822), 'Lincoln Co': (35.4866424, -81.2062724), 'The Woodlands': (30.1734194, -95.504686), 'Montgomery': (32.3669656, -86.3006485), 'Kingsport': (36.550238, -82.5594293), 'Indianapolis': (39.7683331, -86.1583502), 'Brooklyn': (40.6526006, -73.9497211), 'Illinois': (40.0796606, -89.4337288), 'Bryans Road': (38.62537235, -77.08208250390275), 'Georgia mountains': (34.527972250000005, -83.97933180294237), 'Asbury Park': (40.2203907, -74.0120817), 'Fort Collins': (40.5508527, -105.0668085), 'Buckley': (40.5969794, -88.0380959), 'Sheridan': (39.3530598, -100.4576457), 'New Bern': (35.1084931, -77.0441143), 'Travelers Rest': (34.9676167, -82.4434548), 'SEATTLE': (47.6038321, -122.330062)}

Plotted locations of 1134 Users in mainland US (longitude between -140 and -50).
Compared distances of verified (161) vs. unverified (900) users from storm track.
Procedure:
1. Converted storm track times to datetime objects.
2. Filtered users by times of available data for storm track (8/26 12:00 - 9/4 18:00).
3. Computed distances by location of each user to the furthest point on storm track at the time of their tweet.
Verified Users:
distances = [1936.7626045879122, 3691.449627352286, 2477.676512855134, 1070.2685990097423, 1492.4178471783796, 2234.6489425621257, 2128.8669284816415, 1747.473459728649, 1610.2589341894895, 1521.798962704362, 2068.311144769327, 3277.376099341787, 791.1344939373337, 791.1344939373337, 3653.7789817730895, 2068.311144769327, 941.0253707112031, 2118.514887633887, 1997.3821482749709, 2812.502764949106, 2115.431760278564, 1191.8927167906493, 1502.2243350418078, 1584.967616397201, 1575.9494668820432, 803.3374833342918, 108.44898680358841, 3098.0055451728012, 3139.936865400801, 1577.5469602537096, 1621.8495882736318, 108.44898680358841, 529.5285050455049, 1627.187073787559, 772.7773063163146, 1950.5762001154626, 946.2288774346395, 1950.5762001154626, 1950.5762001154626, 1950.5762001154626, 1033.291450201227, 1177.4592128305887, 2256.6378177784086, 108.44898680358841, 1950.5762001154626, 1821.2303074063507, 1400.3357198665303, 747.542367714115, 1364.5622010316038, 972.7626283664513, 108.44898680358841, 772.7773063163146, 1177.4592128305887, 819.7576486647167, 1621.8495882736318, 778.4732717870542, 1859.3414775071453, 938.0236514022591, 917.0598999322128, 650.9371967200568, 765.8053744641047, 1639.378300475492, 1437.0952608405207, 1639.378300475492, 1967.029129975861, 1967.029129975861, 1967.029129975861, 1639.378300475492, 1967.029129975861, 774.7331467724501, 1860.9502212187078, 650.9371967200568, 929.0901019986754, 344.8277113990123, 2002.712208585764, 1667.8791050237746, 1992.2610315225206, 1431.9700108928926, 534.5716454712496, 895.111228334137, 1155.9944426390434, 507.7408656941038, 242.90691450403162, 1726.3816533661234, 205.77749961778198, 851.6167789479988, 348.97382473679176, 1726.3816533661234, 712.8374307197586, 1401.4901676699255, 1401.4901676699255, 145.17216522685868, 533.8905559157729, 1797.500964050754, 1797.500964050754, 406.40242174872935, 746.5824551314618, 1525.129638921944, 1198.0608498486476, 1079.8296364342345, 145.17216522685868, 715.8148585037478, 742.6853006328743, 2534.8713360554284, 1471.763435827615, 255.58777265820638, 1828.768426182664, 977.4668905924218, 1568.4121112145538, 749.4191772000722, 1105.2662793610382, 972.3427372952369, 2731.0470472493303, 2199.0991673316066, 1098.9126508385432, 2731.0470472493303, 847.733322153168, 327.63688725119005, 527.7945506204051, 1950.5762001154626, 2193.2720179067373, 266.8746169295321, 3460.5822439772624, 959.8562450507801, 1797.500964050754, 674.0049725160671, 1305.570962280647, 493.0423812075182, 3173.7700701877475, 2310.7090946896597, 710.9448237578509, 710.9448237578509, 874.7742942823758, 1121.8445817589077, 660.8157851756328, 272.89661485544417, 1457.8146218594218, 1379.5294780544773, 749.6323807737353, 841.217942469381, 1313.6073237713206, 1102.3164424051474, 743.3068638840518, 1018.8060441939797, 1659.5063951498057, 84.33095577572948, 391.05966133749394, 1155.3616426673057, 1316.1987273870252, 2509.1003080020414, 2509.1003080020414, 2556.009065607209, 2845.309710578946, 1206.1386544272812, 675.4645989051935, 1137.9328235779146, 4361.979678817826, 3119.092173911502, 1517.7265666963915, 2867.968146139505, 1066.7275929185216]
Summary Statistics:
count     161.000000
mean     1407.789147
std       833.146060
min        84.330956
25%       772.777306
50%      1316.198727
75%      1950.576200
max      4361.979679
Unverified Users:
distances2 = [1826.6856996300633, 3557.0790018363386, 1826.6856996300633, 1826.6856996300633, 979.3399899840113, 2877.851526072637, 2843.798115867411, 1826.6856996300633, 2530.646476829382, 2110.6518571697147, 2646.9178541185015, 1979.0771435212646, 5282.184660580178, 2558.907024190349, 2089.588340563067, 2775.1118880678223, 1520.7556637294645, 656.2789067829667, 4184.1099579133515, 2064.423615298813, 1549.9241875658638, 1132.087455386284, 656.2789067829667, 1282.986249302959, 4134.845964329279, 2672.1408753717947, 2250.663873844118, 1282.986249302959, 2589.7214296014668, 2374.254239910207, 1917.889128113679, 3000.6668727319197, 786.9797666506249, 1754.419586130993, 2322.199473805173, 2602.2300453654448, 1432.2479539373735, 1481.8722334466058, 4658.742601295184, 1651.6265306486466, 2421.852834202266, 1878.1610211222896, 2107.4833101810414, 1862.0461577747105, 1232.1980528325432, 1619.2996484835696, 4649.441469263222, 3953.6278967268554, 1656.4743328505274, 1432.2479539373735, 1282.986249302959, 4668.634784620694, 1885.422159673976, 2339.111271813898, 2039.8956752728802, 1282.986249302959, 3053.155404479787, 2003.659688908189, 3627.09077166908, 2551.306921265898, 1382.1529707785435, 1747.473459728649, 2574.8413984686817, 4393.57504661516, 1504.488937301786, 2390.592906060957, 1559.9425906490987, 2635.1177377568883, 1434.3750404262616, 1434.3750404262616, 4003.58928909018, 2390.592906060957, 1434.3750404262616, 1202.4379411701425, 1434.3750404262616, 3982.113373602366, 1434.3750404262616, 2581.9932392321816, 2154.18590845214, 3420.4099008106023, 2333.857863371432, 2509.060227987135, 1434.3750404262616, 1633.786318121183, 1434.3750404262616, 2166.9221663788326, 1578.7678435610035, 4437.53552234948, 697.4406784421017, 2792.5348596463255, 4765.768377427027, 3623.447678777799, 2352.8172061342834, 1798.8785707212296, 1674.7421130250393, 1674.7421130250393, 4975.152466780528, 1674.7421130250393, 2993.664817788175, 1877.7442297080456, 3702.7093322910205, 2638.737611729978, 3370.0132809818956, 682.8370378024385, 545.9949551820783, 2199.1034112987877, 3242.2278941195514, 938.4428328762692, 791.1344939373337, 3726.016132494161, 545.9949551820783, 1844.80793136185, 791.1344939373337, 682.8370378024385, 2068.311144769327, 2117.3172884763485, 1453.556241863369, 1239.707068299804, 1926.6959804485416, 668.3793289623025, 489.80856336703107, 1702.745732188591, 878.7086034570835, 1237.3482429252933, 625.9828786745638, 2680.6601960281037, 1905.0636737078808, 631.8276673454942, 1289.9107527290194, 955.3472521114393, 3713.282694590755, 2181.3471478769816, 620.2805524402221, 1844.80793136185, 604.2358095854293, 2411.744109738404, 1561.8691210840163, 3713.282694590755, 662.7893614422215, 1716.499851457749, 982.2301934770062, 1387.6573438917694, 1275.1103295154664, 3702.7093322910205, 1473.241506195993, 2069.1613636225934, 545.9949551820783, 2068.311144769327, 2811.485929174906, 1065.582357709635, 3370.0132809818956, 1444.8245822767694, 1930.2344201723579, 828.5118206750824, 3989.5768056683687, 791.1344939373337, 3986.242427867122, 4055.3031980829473, 1413.0748932098256, 791.1344939373337, 4044.4290816210805, 955.3472521114393, 1756.1865342091276, 982.2301934770062, 878.7086034570835, 2277.067618060605, 3986.242427867122, 4136.16844498883, 1600.6550466883593, 1440.3811411444497, 831.9405715783648, 1995.228228150486, 1210.862034046564, 1694.6808047813986, 1082.1594972497728, 3283.0967816148354, 1440.3811411444497, 546.5558461329928, 2099.8941206679847, 1439.0321295858623, 2834.8352163341137, 3513.9735837509497, 941.0253707112031, 1610.3443977839067, 1028.7847024028868, 2050.268412664058, 2306.187773930474, 2902.76097847585, 3406.6534437397177, 2118.514887633887, 3929.056827735422, 2153.7258214451936, 1469.8424964767548, 4205.4388571738, 1393.6955544701511, 941.4342774067139, 3513.9735837509497, 1096.6891015911085, 2369.2062665231306, 1665.0255546142096, 1028.7847024028868, 800.1811954383094, 619.6232139274389, 3513.9735837509497, 1694.6808047813986, 2040.6661725109743, 1902.5562674215682, 1161.9986993716977, 3444.883235059801, 1210.862034046564, 1870.720945371467, 3801.6123124425017, 1082.1594972497728, 1051.015543601932, 1964.9254189755904, 1652.6736074759444, 1041.5851663346182, 1582.0703284404826, 2343.373000941823, 3899.124398628203, 1324.7822148332612, 1245.330368692701, 935.9819791721518, 2306.187773930474, 546.5558461329928, 941.4342774067139, 1469.8424964767548, 941.0253707112031, 1410.8299361929821, 1751.9020375179132, 3406.6534437397177, 1812.2513486998334, 1830.908880388442, 1814.809970952779, 1786.3325040877958, 2153.7258214451936, 1171.1249987280173, 2072.228647773982, 585.4480107906402, 2773.006154927577, 1179.3511851265919, 2056.004421051006, 667.8353253471371, 4488.133254033433, 1987.7682904690698, 1091.4212992293826, 2389.372207202659, 1179.3511851265919, 1335.0477077317805, 1240.1126396697086, 4356.078844612914, 2571.234601038226, 1303.3257263645594, 2842.0362289056507, 4094.1363941848717, 1957.4144410097238, 1731.7164237589845, 1733.4239165770052, 1563.535118304762, 2129.2122029376965, 1733.4239165770052, 3479.019720322853, 3805.913081092089, 1921.8613436867688, 2094.96441204117, 1810.0956620414956, 2863.6665567451932, 2539.0097025007144, 1957.4144410097238, 1506.6765933815666, 506.33058993005335, 4070.2667850936587, 3563.831820211796, 661.1139445255476, 1506.6765933815666, 1733.4239165770052, 1854.083844510892, 2269.261757524087, 2480.135949279678, 2241.23820740311, 640.2149157387495, 681.5414575480713, 2241.23820740311, 1132.087455386284, 2241.23820740311, 1132.087455386284, 943.5726374021999, 1319.4248756767697, 2124.2846043000486, 1132.087455386284, 1998.9469489202197, 1854.083844510892, 3108.254259691565, 1132.087455386284, 1854.083844510892, 2260.240999934703, 1756.8011537934688, 742.8523997069856, 4150.522291626482, 1357.4628211753247, 656.2789067829667, 437.23090413546294, 2408.1231484239356, 1814.809970952779, 1821.1677393079067, 1385.1225010926107, 2094.96441204117, 3098.0055451728012, 1268.398714204586, 1230.1952575611347, 2155.7569894505223, 873.7821815225119, 108.44898680358841, 860.5482962380366, 1047.3057350059303, 795.6213227517836, 1690.308576028844, 2868.0396503726065, 1632.3444281369063, 1064.1578351231951, 738.3094300158925, 237.65772462013496, 1007.870682173108, 2482.8304464181383, 3455.642029431554, 1629.9832358932463, 991.698848872716, 803.3374833342918, 2745.310851042028, 1230.1952575611347, 1108.1365977421863, 1877.4340284241152, 3504.93475636037, 1950.4108528683955, 1444.5666942781615, 1706.9132546473718, 849.9037067119399, 1105.2662793610382, 1621.8495882736318, 1950.5762001154626, 1950.4108528683955, 197.48414931364817, 1444.5666942781615, 772.7773063163146, 1400.3357198665303, 2731.0470472493303, 847.733322153168, 1881.4149164352739, 2256.6378177784086, 860.5482962380366, 1822.0815459844328, 2623.1034948914403, 1821.2303074063507, 1563.414928234471, 2731.0470472493303, 828.3685765843296, 1400.3357198665303, 772.7773063163146, 1011.4687850800221, 772.7773063163146, 795.6213227517836, 2811.6665728288003, 1950.5762001154626, 1374.4097774538473, 2237.8888163958923, 3150.000416375598, 860.5482962380366, 1268.398714204586, 2965.9023318018817, 2256.6378177784086, 725.7329008313694, 283.78371854299434, 2541.5260859564733, 2623.1034948914403, 283.78371854299434, 747.542367714115, 641.6470071738675, 1829.4060500833193, 738.1783863088078, 847.733322153168, 1690.308576028844, 847.733322153168, 3392.233511004758, 1444.5666942781615, 1600.681387074329, 2371.965527886357, 101.51783928947748, 780.8470567597308, 197.48414931364817, 1229.057203740767, 266.8746169295321, 847.733322153168, 1690.308576028844, 2143.2838155275613, 1562.730237260981, 2683.3498691168875, 2731.0470472493303, 2811.6665728288003, 2753.676401500156, 527.7945506204051, 2672.6287469623435, 725.7329008313694, 1722.4369981530763, 1919.5439607157814, 749.4191772000722, 2811.6665728288003, 848.8757548672694, 860.5482962380366, 1606.128011797152, 847.733322153168, 1445.2396586949055, 2281.172087760194, 2811.6665728288003, 1229.057203740767, 1950.4108528683955, 2753.676401500156, 1033.291450201227, 1678.0824549775564, 1949.1062067632672, 1544.6543015014768, 242.90691450403162, 1049.5648524287542, 798.5997794559765, 1696.3893510515318, 1967.029129975861, 1092.742067433223, 389.5949025249754, 1837.4438272866275, 1639.378300475492, 2987.039015503057, 3608.300890551235, 1746.947735369121, 887.0270276734323, 1639.378300475492, 1334.9674887461695, 1238.3309293534865, 1639.378300475492, 1299.4428957349435, 2369.5298306144477, 992.2038278215737, 1769.184797482642, 2619.434281940895, 2524.082512877103, 312.42811966822734, 2524.082512877103, 382.95680937465164, 917.0598999322128, 2272.8175850181447, 2396.9789459560484, 901.5376472574803, 1452.1080248534417, 774.7331467724501, 3740.6587300520428, 524.4973727771679, 1144.5427272887841, 555.6406207239007, 344.8277113990123, 2749.049582715433, 1693.8529216324662, 992.2038278215737, 2126.85124349263, 650.9371967200568, 1004.3669140579186, 2262.721338088064, 992.2038278215737, 1915.6686342471085, 650.9371967200568, 3540.646134183604, 774.7331467724501, 992.2038278215737, 2265.329779265786, 1340.5256034983151, 1511.971903263323, 1033.0544336092883, 1474.784382425076, 1630.9089900049064, 1091.0037991992308, 2524.082512877103, 829.4312633827343, 2554.247098741087, 1544.4326651414897, 269.31715878678784, 899.3322967073747, 1113.2178370175902, 2212.6571770401088, 834.2882851098083, 742.4585193846625, 1967.029129975861, 2272.595019973146, 1693.8529216324662, 1775.983381719603, 1964.8238912029244, 549.428311165884, 917.0598999322128, 1608.4428396130847, 929.0901019986754, 917.0598999322128, 2182.5436406951358, 992.2038278215737, 1544.4326651414897, 1105.995901760015, 893.3270390498653, 945.069743832815, 899.3322967073747, 1190.5434469637896, 1964.8238912029244, 3288.9995538060653, 791.5066083939731, 618.9879313265941, 774.7331467724501, 1608.4428396130847, 403.6684223623271, 1544.4326651414897, 1411.3640675970028, 262.5573828421308, 898.1681488859455, 431.6489393754799, 1334.9674887461695, 2164.8483772614586, 1702.8917043106787, 1967.029129975861, 859.6653596503771, 1286.049700691118, 1730.8047591176792, 810.699663946634, 1286.5691092117052, 2285.399301248597, 2295.8229141642732, 2295.8229141642732, 1003.4627702008485, 790.2386836852564, 1095.5336338024479, 3374.0885242539844, 1594.0589708936704, 1129.108508207906, 824.5518510660372, 783.9854398009585, 1863.2260691513231, 3428.723642901004, 2000.9006455382912, 1663.6929089307616, 1725.209600302833, 3086.9227458216556, 3756.6924542132465, 1510.2067041882965, 3399.6399486766527, 1650.5410376928849, 2412.6287657804314, 1063.228444006743, 1698.3922541720106, 2899.310157248762, 3809.9767903405805, 2899.310157248762, 1706.9920218795853, 1744.0787722635416, 2026.110049154858, 1528.9795431553339, 647.8125997875829, 3129.178128930503, 534.5716454712496, 499.8096003770688, 1180.406834219061, 2191.870609220354, 3540.6629714021924, 1094.3737364381764, 1891.6361834118977, 729.1445508759809, 922.9000316021982, 534.5716454712496, 816.8982194326544, 895.111228334137, 895.111228334137, 682.4707693605047, 1706.9920218795853, 1728.360833307985, 2024.1201142127445, 2262.158306609136, 1085.6835300085852, 1314.1476829992143, 816.8982194326544, 1145.9005814349402, 816.8982194326544, 2135.6935954837736, 1371.5276462277009, 1761.9123237030549, 3569.6441700286314, 2322.7784012128777, 1452.5991455973476, 3010.748215101271, 895.111228334137, 2132.040913044217, 2133.2624843303515, 583.4147823813024, 1627.6453627101832, 2386.542482825438, 922.9000316021982, 3905.707861272993, 1821.2303074063507, 2567.5394263512244, 781.8436961135337, 677.4049835401247, 1129.108508207906, 1350.2465191543572, 2640.0322987233467, 2940.659403857081, 2640.0322987233467, 913.41089472192, 1411.3068499154401, 100.47889806770621, 1726.3816533661234, 224.52397026647088, 1733.9341635214287, 1401.4901676699255, 762.7762278617786, 551.2264532082203, 1961.030602348041, 1116.0726482128991, 430.9196519238158, 3230.489408961107, 1726.3816533661234, 2557.8446705139463, 1304.5690295996028, 3181.3149886996894, 2984.7834560519395, 228.23924070458511, 948.8387658755835, 2637.1191437207954, 224.52397026647088, 224.52397026647088, 985.7283594089869, 814.5911260527762, 1599.4726875772285, 981.5084049527808, 1099.914290043946, 553.509662701703, 570.1494416432673, 1382.8585668411208, 3058.0878879501483, 1225.3456684729458, 3246.367012458416, 669.3537888528435, 2214.3418118236045, 1667.905428000424, 1348.2408830616669, 1795.0445143543122, 2724.2620344268903, 994.944867046415, 2070.9884164527066, 2666.368579836396, 902.9390255389073, 832.0470377425339, 2319.2310698806764, 190.23055055645614, 392.69931051399016, 669.3537888528435, 609.461854166236, 3250.0899707241597, 113.76964545178677, 720.3569022638133, 815.33779918836, 2035.408932402419, 902.9390255389073, 2102.2584783671505, 1797.500964050754, 902.9390255389073, 2052.7163116980632, 1033.2590180738841, 1909.596239932999, 669.3537888528435, 1797.500964050754, 3050.251525467187, 1181.4346208347706, 609.461854166236, 2128.8896721955853, 672.3694154435422, 1181.4346208347706, 1363.8170429071026, 1028.2836855852381, 113.76964545178677, 113.76964545178677, 192.35342669403713, 1768.1177831345183, 1470.3595478635675, 1354.1949735345922, 1795.0445143543122, 1544.0319659696963, 1743.505440713073, 1138.8477817085075, 1314.5836010586427, 1571.7554996605963, 771.3489592442196, 1503.2221702816187, 215.60060303914526, 674.0049725160671, 1039.546568000453, 1344.064129950484, 1743.505440713073, 8.002603381891761, 998.8621796083961, 1493.2826225647539, 830.9278114655561, 3370.0219263241474, 1210.713956332817, 8.002603381891761, 1105.2295164477569, 8.002603381891761, 3460.5822439772624, 681.5413473766675, 3393.7179638932157, 3111.295000171807, 1759.6978451025573, 3139.2523746573615, 3460.5822439772624, 772.7773063163146, 2731.0470472493303, 1621.8495882736318, 2482.8304464181383, 2292.659857111482, 657.6931590152818, 1423.5696969545165, 870.628931996698, 1970.979096254974, 1444.5666942781615, 2256.6378177784086, 1033.291450201227, 849.9037067119399, 508.83730525723263, 629.1913914511783, 681.5413473766675, 2811.6665728288003, 2164.1616454658356, 283.78371854299434, 849.9037067119399, 860.5482962380366, 2021.5365331002356, 1821.2303074063507, 1881.4149164352739, 1678.0824549775564, 2204.6077437475838, 1413.0650325410033, 972.3427372952369, 1798.2289169257404, 1733.8209465888483, 1950.5762001154626, 1962.8157839360383, 755.9074988101966, 283.78371854299434, 1531.7777011882263, 3592.784048954431, 2193.2720179067373, 1692.7264692321164, 762.831065478851, 1821.2303074063507, 237.65772462013496, 527.7945506204051, 1098.9126508385432, 2752.2541686551635, 3433.00868259847, 860.5482962380366, 2811.6665728288003, 762.831065478851, 283.78371854299434, 1268.398714204586, 1950.5762001154626, 1958.8116530073057, 2132.9012440058373, 952.309348848403, 672.9611268013073, 224.52397026647088, 3016.132396656214, 2550.8918003613953, 1230.3685124522358, 3305.441622651594, 2035.408932402419, 2811.6665728288003, 1835.0445749523783, 654.8113229447866, 1366.099949312335, 1438.4904931404865, 654.8113229447866, 2545.6124830716385, 710.9448237578509, 885.8282045112236, 237.58737146447152, 986.366325736095, 627.6828498939033, 1181.0914249079947, 3269.7009615799575, 1305.570962280647, 506.049049418104, 2858.62593078135, 654.8113229447866, 1096.7244267855958, 758.4542164097548, 528.0390958537484, 1034.4767085629007, 720.6006303258973, 2614.9015927897362, 277.534166899613, 859.2265756710325, 1117.1501104248, 824.6074606069071, 2185.681529013392, 352.61357122646064, 928.4134291798985, 487.4838283215975, 3118.1847489486595, 567.1916601042569, 370.43481610960265, 495.17407698685787, 1382.5821057981284, 3239.279507580324, 1466.3046971305164, 2754.308229305255, 730.6495176376477, 1125.9312804468545, 884.1426620900687, 1886.6347464621726, 1659.2590682976183, 1960.28806856533, 335.37758913707347, 1004.8656159152396, 3123.5911892065687, 961.422958214614, 1959.4402043938899, 2818.2097449680687, 1562.4705931346116, 238.0930754636996, 1552.9360834784186, 458.9039104724266, 1050.5920071551998, 1535.738048467006, 2249.8758308224496, 1378.3595975149462, 1317.5879872997177, 3566.071537264618, 404.44847112301323, 1491.7413902392498, 1287.699168003556, 1693.4693559619623, 108.08881669704762, 3091.288432057518, 972.9132451088622, 892.8113166430097, 989.5094959785949, 3385.805950008937, 1147.2662240815507, 785.8160119562625, 2046.145052740746, 595.0775509236695, 1011.791708201717, 672.6500310613102, 830.1666944535438, 1155.3616426673057, 1491.7413902392498, 2917.995772486081, 760.7741299749794, 2582.315893412722, 2814.5068744689747, 2917.995772486081, 634.5398397156857, 1638.3026235152997, 3066.7672322986905, 2587.7073968323466, 2587.7073968323466, 2509.1003080020414, 3571.525406040003, 2409.3060306707775, 1844.6247578643522, 2587.7073968323466, 2260.9304698179267, 725.1421870173269, 535.3070556502973, 1224.113057442648, 1714.8138252056021, 1362.4736040140767, 1204.211063354801, 2302.7682187228766, 3893.1018522884665, 3978.00479133848, 1234.1951373002146, 1729.4638511081725, 4932.246285175062, 4492.756505220041, 1862.563961737645, 3065.3986976789297, 1517.7265666963915, 3067.838006472425, 3065.3986976789297, 1520.338556491752, 4341.073020910263, 1729.9259874047266, 4816.897529853962, 2824.991766229878, 2824.991766229878, 2829.000511466309, 3051.0425664574964, 919.1983351330972, 2031.8650183452244, 2257.50375444239]
Summary Statistics:
count     900.000000
mean     1728.588827
std       990.502484
min         8.002603
25%       940.379736
50%      1600.668217
75%      2272.650661
max      5282.184661
Note: unverified users contain many outliers, may need to filter out to only include tweets in the US
