Dorian:

Total Counts
{'hospital': 1410, 'clinic': 316, 'clos': 28551, 'full': 11489, 'flood': 18706, 'victim': 9105}

hospital 1268
evacuate 7094
closed 6193
full 10509
flood 15248
victim 7482

Counts by Hour
Keywords: 'hospital', 'evacuate', 'clos', 'full', 'flood', 'victim'
{'hospital': [0, 0, 0, 0, 0, 0, 0, 0, 0, 0, 0, 0, 0, 0, 0, 0, 0, 0, 0, 0, 0, 0, 0, 0, 0, 0, 0, 0, 0, 0, 0, 0, 1, 0, 0, 0, 0, 0, 0, 1, 0, 0, 0, 0, 0, 0, 0, 0, 0, 0, 0, 0, 0, 0, 0, 0, 0, 0, 0, 0, 0, 0, 0, 0, 0, 0, 0, 0, 0, 0, 0, 0, 0, 0, 0, 0, 0, 0, 0, 0, 0, 0, 0, 0, 0, 0, 0, 0, 0, 0, 0, 0, 0, 0, 0, 0, 0, 0, 0, 0, 0, 0, 0, 0, 0, 0, 0, 1, 0, 0, 0, 0, 0, 0, 0, 0, 0, 0, 0, 0, 0, 0, 0, 0, 0, 0, 0, 0, 0, 0, 0, 0, 0, 1, 1, 0, 1, 0, 1, 0, 0, 1, 1, 0, 1, 1, 1, 1, 0, 0, 0, 0, 0, 0, 0, 1, 1, 1, 4, 3, 2, 1, 0, 2, 2, 2, 1, 0, 0, 1, 0, 2, 0, 0, 0, 0, 0, 2, 1, 2, 1, 9, 7, 10, 1, 5, 2, 1, 1, 1, 0, 3, 0, 0, 0, 1, 0, 0, 0, 1, 0, 1, 2, 1, 1, 1, 0, 1, 1, 3, 3, 4, 5, 1, 3, 4, 1, 3, 3, 0, 0, 0, 0, 0, 0, 2, 0, 0, 3, 6, 2, 8, 6, 3, 3, 3, 4, 3, 4, 1, 0, 1, 3, 1, 1, 1, 1, 1, 0, 0, 2, 0, 2, 3, 3, 0, 1, 2, 1, 1, 0, 0, 1, 2, 2, 1, 0, 0, 0, 0, 1, 2, 0, 0, 1, 0, 0, 2, 3, 3, 1, 2, 0, 0, 8, 3, 2, 1, 5, 5, 4, 4, 2, 1, 3, 0, 1, 0, 0, 1, 5, 4, 8, 2, 6, 10, 4, 6, 13, 4, 5, 9, 6, 7, 8, 6, 6, 0, 0, 2, 0, 1, 4, 5, 7, 5, 14, 9, 10, 6, 7, 10, 9, 14, 16, 5, 9, 5, 2, 2, 4, 4, 3, 4, 1, 1, 0, 5, 6, 8, 4, 12, 7, 9, 4, 4, 4, 0, 4, 4, 3, 2, 5, 6, 0, 1, 1, 1, 1, 1, 4, 3, 3, 4, 5, 4, 8, 7, 6, 6, 4, 2, 2, 8, 5, 4, 2, 6, 7, 1, 2, 4, 3, 5, 2, 5, 5, 3, 6, 10, 8, 5, 5, 9, 1, 4, 3, 1, 0, 2, 4, 2, 0, 3, 0, 1, 0, 1, 2, 2, 4, 3, 4, 3, 1, 1, 5, 2, 1, 1, 7, 1, 2, 1, 2, 1, 1, 1, 0, 1, 1, 0, 1, 0, 1, 2, 2, 0, 0, 2, 2, 3, 5, 1, 0, 0, 1, 1, 1, 1, 1, 1, 0, 2, 1, 0, 1, 1, 1, 5, 1, 1, 3, 2, 2, 2, 1, 3, 4, 2, 0, 1, 1, 0, 1, 0, 0, 0, 0, 0, 0, 1, 2, 1, 1, 8, 4, 0, 2, 2, 2, 0, 1, 0, 0, 0, 1, 0, 0, 0, 0, 0, 0, 0, 0, 1, 0, 0, 1, 2, 0, 0, 1, 0, 2, 0, 1, 1], 'evacuate': [0, 0, 0, 0, 0, 0, 0, 0, 0, 0, 0, 0, 0, 0, 0, 0, 0, 0, 0, 0, 1, 0, 0, 0, 0, 0, 0, 0, 0, 0, 0, 0, 0, 0, 0, 0, 0, 0, 0, 0, 0, 0, 0, 0, 0, 0, 0, 0, 0, 0, 0, 0, 0, 0, 0, 0, 0, 0, 0, 0, 0, 0, 0, 0, 0, 0, 0, 0, 0, 0, 0, 0, 0, 0, 0, 0, 0, 0, 0, 0, 0, 0, 0, 0, 0, 0, 0, 0, 0, 0, 0, 0, 0, 0, 0, 0, 0, 0, 0, 0, 0, 0, 0, 0, 0, 0, 0, 0, 0, 0, 0, 0, 1, 0, 0, 0, 0, 0, 0, 0, 0, 0, 0, 0, 1, 0, 0, 0, 0, 0, 0, 0, 0, 0, 1, 0, 1, 1, 1, 0, 0, 0, 1, 0, 0, 0, 0, 0, 0, 0, 0, 0, 0, 0, 0, 0, 1, 0, 2, 4, 0, 1, 0, 0, 0, 1, 0, 2, 0, 0, 1, 0, 0, 0, 0, 0, 0, 0, 1, 1, 3, 6, 1, 9, 1, 3, 11, 2, 5, 7, 6, 12, 6, 6, 7, 5, 4, 2, 0, 2, 0, 2, 2, 4, 8, 6, 15, 32, 29, 17, 18, 17, 17, 19, 18, 17, 16, 21, 18, 22, 11, 10, 3, 3, 4, 7, 10, 20, 21, 21, 38, 27, 28, 31, 33, 44, 20, 25, 39, 26, 24, 31, 27, 19, 17, 7, 12, 14, 8, 7, 11, 12, 25, 20, 19, 29, 28, 27, 37, 32, 32, 20, 12, 16, 14, 12, 12, 12, 6, 7, 5, 9, 7, 4, 7, 12, 31, 39, 45, 84, 59, 71, 44, 42, 43, 51, 35, 84, 52, 62, 82, 52, 44, 31, 21, 34, 20, 24, 41, 52, 55, 77, 97, 75, 88, 68, 65, 77, 60, 71, 68, 55, 73, 50, 49, 42, 37, 17, 20, 29, 18, 15, 19, 33, 44, 49, 41, 46, 52, 43, 32, 32, 48, 33, 42, 39, 37, 21, 20, 16, 11, 6, 8, 7, 6, 19, 19, 12, 20, 36, 43, 42, 39, 41, 39, 34, 35, 27, 18, 25, 18, 24, 19, 20, 13, 12, 9, 5, 10, 7, 12, 16, 27, 38, 25, 34, 27, 37, 34, 21, 28, 18, 22, 21, 25, 7, 12, 14, 7, 5, 4, 11, 3, 2, 6, 6, 7, 17, 21, 13, 12, 14, 15, 24, 15, 16, 15, 10, 16, 8, 7, 4, 4, 3, 5, 6, 4, 2, 2, 9, 6, 5, 7, 6, 13, 12, 12, 13, 9, 13, 15, 13, 4, 1, 11, 5, 1, 6, 0, 3, 1, 0, 1, 1, 6, 10, 11, 1, 3, 8, 6, 10, 17, 11, 12, 11, 7, 9, 12, 3, 6, 5, 0, 3, 2, 8, 4, 4, 7, 9, 6, 8, 8, 11, 11, 10, 8, 8, 5, 16, 8, 7, 10, 4, 7, 6, 2, 5, 1, 3, 0, 7, 2, 5, 5, 10, 10, 5, 1, 2, 6, 4, 2, 1, 4, 0, 3, 2, 4, 0, 0, 5, 0, 2, 1, 1, 2, 3, 0, 2, 7, 2, 4, 7, 6, 10, 4, 3], 'clos': [0, 0, 1, 1, 0, 1, 0, 1, 0, 0, 0, 0, 0, 2, 0, 1, 0, 0, 1, 1, 0, 0, 0, 1, 1, 1, 1, 1, 0, 1, 0, 1, 1, 0, 0, 0, 1, 0, 0, 0, 0, 0, 0, 0, 0, 1, 0, 1, 0, 1, 0, 0, 0, 1, 0, 0, 0, 0, 0, 1, 2, 0, 0, 1, 1, 2, 2, 1, 3, 0, 0, 1, 0, 0, 1, 0, 0, 0, 0, 0, 0, 0, 0, 0, 0, 0, 1, 4, 0, 2, 1, 2, 9, 17, 7, 6, 4, 3, 4, 3, 1, 0, 0, 1, 0, 0, 2, 2, 6, 3, 7, 5, 4, 2, 8, 4, 2, 14, 3, 5, 1, 6, 8, 1, 0, 4, 0, 0, 3, 5, 7, 12, 13, 19, 22, 34, 20, 12, 10, 20, 10, 23, 17, 14, 15, 7, 10, 11, 3, 1, 5, 3, 8, 18, 13, 14, 19, 20, 18, 28, 18, 23, 24, 13, 29, 23, 16, 15, 11, 17, 11, 22, 14, 3, 2, 9, 2, 22, 23, 44, 106, 65, 54, 144, 106, 63, 64, 53, 54, 87, 49, 42, 41, 29, 23, 20, 6, 5, 6, 12, 9, 18, 20, 37, 47, 61, 51, 102, 93, 74, 82, 66, 112, 98, 57, 54, 36, 42, 50, 44, 18, 6, 12, 10, 7, 26, 28, 62, 74, 106, 130, 172, 191, 159, 185, 168, 174, 152, 93, 74, 73, 55, 71, 46, 18, 15, 10, 27, 21, 26, 42, 51, 74, 107, 106, 126, 87, 57, 79, 63, 69, 59, 66, 78, 52, 43, 60, 70, 36, 18, 29, 23, 23, 49, 64, 99, 219, 174, 163, 238, 170, 216, 180, 157, 172, 215, 146, 193, 158, 126, 117, 134, 69, 53, 52, 55, 38, 73, 79, 123, 190, 204, 263, 305, 237, 204, 195, 175, 194, 282, 241, 189, 141, 140, 123, 109, 59, 35, 38, 39, 45, 67, 90, 118, 180, 235, 199, 230, 241, 196, 195, 188, 189, 210, 167, 124, 103, 81, 72, 79, 46, 38, 29, 38, 31, 59, 63, 78, 125, 155, 167, 180, 141, 114, 114, 123, 136, 149, 101, 84, 76, 57, 53, 84, 48, 31, 19, 41, 32, 56, 51, 77, 101, 116, 131, 146, 124, 114, 87, 98, 103, 86, 80, 71, 84, 80, 41, 42, 18, 16, 30, 33, 25, 27, 62, 69, 81, 64, 64, 65, 47, 65, 61, 49, 37, 47, 38, 49, 29, 20, 21, 13, 9, 12, 10, 5, 4, 7, 11, 17, 24, 48, 33, 46, 39, 24, 28, 36, 31, 30, 24, 18, 23, 7, 10, 5, 5, 7, 5, 2, 0, 6, 5, 19, 11, 9, 18, 14, 11, 15, 8, 26, 11, 15, 12, 10, 6, 6, 3, 6, 9, 3, 5, 6, 7, 7, 14, 17, 22, 19, 11, 9, 21, 14, 14, 23, 11, 14, 21, 16, 14, 3, 4, 9, 3, 1, 1, 1, 6, 2, 8, 7, 16, 10, 10, 5, 6, 16, 14, 10, 9, 8, 10, 3, 9, 4, 3, 3, 3, 0, 1, 1, 1, 0, 3, 2, 6, 4, 1, 8, 3, 5, 5, 7, 4, 8, 8, 3], 'full': [0, 0, 1, 0, 0, 0, 0, 0, 0, 0, 2, 0, 0, 0, 0, 0, 1, 2, 0, 1, 0, 0, 0, 1, 0, 3, 0, 0, 0, 0, 0, 0, 0, 0, 0, 0, 0, 1, 1, 1, 0, 0, 0, 0, 1, 0, 0, 1, 0, 0, 0, 0, 0, 0, 0, 0, 0, 0, 1, 1, 1, 0, 1, 1, 1, 1, 2, 0, 0, 2, 0, 1, 1, 0, 1, 0, 0, 0, 1, 0, 2, 1, 0, 0, 0, 0, 0, 2, 0, 0, 0, 0, 1, 3, 4, 1, 2, 4, 0, 6, 1, 0, 1, 0, 0, 4, 0, 2, 0, 0, 2, 1, 1, 3, 4, 2, 3, 4, 3, 5, 1, 1, 1, 4, 1, 0, 0, 0, 0, 5, 0, 2, 2, 3, 3, 13, 9, 10, 6, 7, 6, 10, 7, 4, 7, 4, 4, 4, 1, 1, 0, 0, 1, 3, 5, 11, 14, 6, 8, 7, 9, 12, 7, 7, 11, 13, 12, 8, 10, 8, 6, 4, 5, 2, 1, 2, 2, 9, 13, 13, 17, 22, 16, 34, 28, 22, 32, 36, 30, 40, 29, 28, 29, 29, 20, 15, 14, 5, 2, 5, 6, 5, 12, 25, 17, 25, 31, 54, 41, 36, 47, 44, 31, 52, 41, 46, 42, 41, 37, 31, 22, 13, 13, 9, 7, 10, 17, 34, 37, 59, 47, 47, 57, 42, 55, 42, 56, 51, 41, 40, 49, 44, 30, 30, 25, 18, 7, 12, 12, 15, 13, 26, 49, 48, 40, 66, 55, 34, 32, 43, 36, 29, 24, 31, 25, 21, 22, 29, 16, 14, 5, 8, 3, 6, 10, 16, 50, 33, 66, 71, 61, 72, 63, 53, 62, 73, 48, 57, 46, 51, 47, 45, 40, 13, 15, 20, 7, 17, 22, 30, 57, 55, 67, 61, 76, 53, 52, 46, 52, 51, 62, 51, 54, 50, 67, 26, 33, 13, 8, 17, 9, 18, 21, 40, 41, 51, 43, 50, 58, 45, 47, 32, 41, 52, 40, 29, 36, 36, 34, 20, 21, 12, 8, 12, 8, 16, 24, 40, 38, 60, 58, 49, 49, 47, 41, 25, 49, 45, 53, 52, 46, 40, 37, 35, 23, 18, 8, 8, 5, 15, 18, 29, 36, 53, 43, 57, 35, 43, 40, 33, 49, 36, 29, 42, 28, 33, 33, 24, 19, 15, 11, 18, 8, 11, 14, 21, 39, 37, 39, 47, 29, 29, 30, 31, 25, 24, 29, 34, 23, 23, 18, 12, 11, 5, 4, 6, 3, 7, 11, 24, 21, 25, 19, 20, 16, 25, 27, 15, 18, 15, 16, 17, 18, 4, 13, 5, 9, 7, 2, 5, 5, 4, 4, 8, 10, 12, 19, 18, 20, 10, 10, 9, 8, 9, 19, 8, 12, 4, 17, 5, 12, 2, 1, 1, 5, 7, 10, 8, 13, 7, 24, 10, 10, 12, 11, 25, 35, 43, 36, 42, 26, 25, 13, 19, 6, 4, 4, 5, 7, 3, 3, 8, 10, 14, 23, 19, 12, 9, 6, 5, 6, 5, 10, 5, 7, 6, 7, 4, 10, 0, 1, 4, 0, 3, 5, 2, 11, 3, 3, 6, 9, 3, 3, 10, 8, 9, 4, 8], 'flood': [0, 0, 0, 0, 0, 0, 0, 0, 0, 0, 0, 0, 0, 0, 0, 0, 0, 0, 0, 0, 0, 0, 0, 0, 0, 0, 1, 0, 0, 0, 0, 0, 0, 0, 0, 0, 0, 0, 0, 0, 0, 0, 0, 0, 0, 0, 0, 1, 0, 0, 0, 0, 0, 0, 0, 0, 0, 0, 0, 0, 0, 0, 0, 0, 0, 0, 0, 0, 0, 0, 0, 0, 0, 0, 0, 0, 0, 0, 0, 0, 0, 0, 0, 0, 0, 0, 0, 0, 0, 0, 0, 0, 0, 1, 0, 1, 1, 0, 0, 0, 1, 0, 0, 0, 0, 0, 0, 0, 0, 0, 1, 3, 2, 1, 2, 1, 0, 1, 0, 0, 2, 1, 0, 0, 0, 0, 0, 0, 0, 1, 1, 3, 0, 4, 2, 1, 3, 2, 3, 1, 1, 5, 1, 0, 1, 1, 0, 0, 0, 1, 0, 0, 0, 1, 4, 6, 6, 10, 6, 14, 3, 7, 10, 5, 21, 11, 8, 15, 8, 3, 6, 5, 4, 8, 2, 7, 6, 20, 25, 21, 39, 32, 22, 26, 21, 27, 31, 28, 23, 28, 14, 10, 13, 11, 10, 14, 12, 6, 0, 7, 7, 10, 10, 12, 15, 37, 21, 34, 22, 26, 24, 28, 40, 48, 37, 39, 31, 30, 33, 36, 26, 15, 22, 26, 20, 34, 45, 43, 28, 35, 32, 52, 55, 51, 33, 34, 43, 45, 39, 41, 28, 33, 24, 23, 27, 14, 11, 14, 10, 14, 21, 32, 28, 33, 34, 49, 33, 25, 16, 16, 28, 23, 14, 18, 10, 12, 10, 20, 8, 5, 5, 4, 1, 7, 17, 16, 31, 33, 38, 56, 55, 56, 48, 59, 51, 46, 49, 48, 31, 32, 29, 25, 22, 33, 27, 43, 21, 20, 23, 29, 33, 50, 65, 92, 78, 102, 111, 106, 99, 114, 113, 127, 83, 63, 62, 66, 54, 41, 29, 54, 28, 46, 49, 62, 75, 86, 83, 118, 104, 86, 92, 86, 92, 109, 85, 76, 67, 54, 44, 49, 37, 37, 26, 44, 27, 40, 53, 61, 69, 102, 115, 110, 95, 90, 84, 88, 73, 80, 65, 78, 49, 66, 56, 80, 62, 44, 36, 50, 41, 52, 58, 74, 115, 154, 138, 142, 131, 100, 94, 97, 95, 126, 98, 77, 59, 67, 50, 46, 31, 33, 19, 60, 19, 43, 36, 60, 76, 89, 129, 97, 102, 92, 108, 97, 92, 94, 55, 76, 62, 53, 44, 22, 34, 16, 15, 42, 24, 14, 11, 38, 37, 48, 44, 41, 41, 47, 32, 32, 30, 19, 26, 28, 15, 16, 17, 18, 5, 3, 8, 15, 2, 7, 13, 7, 17, 22, 12, 14, 18, 9, 6, 13, 6, 7, 13, 7, 12, 10, 11, 9, 5, 3, 5, 8, 2, 5, 7, 7, 16, 10, 17, 11, 14, 7, 17, 17, 22, 16, 15, 11, 5, 7, 4, 6, 7, 3, 6, 11, 2, 6, 6, 10, 10, 11, 13, 14, 16, 6, 7, 2, 6, 14, 9, 11, 12, 10, 12, 8, 11, 9, 10, 8, 12, 9, 7, 11, 8, 16, 15, 13, 13, 12, 10, 9, 8, 3, 2, 5], 'victim': [0, 0, 0, 0, 0, 0, 0, 0, 0, 0, 0, 0, 0, 0, 0, 0, 0, 0, 0, 0, 0, 0, 0, 0, 0, 0, 0, 0, 0, 0, 0, 0, 0, 0, 0, 0, 0, 0, 0, 0, 0, 0, 0, 0, 1, 0, 0, 0, 0, 0, 0, 0, 0, 0, 0, 0, 0, 0, 0, 0, 0, 0, 0, 0, 0, 1, 0, 0, 0, 0, 0, 0, 0, 0, 0, 0, 0, 0, 0, 0, 0, 0, 0, 0, 0, 0, 0, 0, 0, 0, 0, 0, 0, 1, 0, 0, 0, 0, 0, 0, 0, 0, 0, 0, 0, 0, 0, 0, 0, 0, 0, 0, 0, 0, 0, 0, 0, 0, 0, 0, 0, 0, 0, 0, 0, 0, 0, 0, 0, 0, 0, 0, 0, 0, 0, 0, 0, 0, 0, 0, 0, 0, 0, 0, 0, 0, 0, 0, 0, 0, 0, 0, 0, 0, 0, 1, 0, 0, 0, 0, 0, 1, 0, 1, 0, 5, 1, 0, 0, 1, 1, 0, 0, 2, 0, 3, 1, 0, 3, 3, 1, 0, 1, 2, 2, 0, 4, 5, 11, 0, 2, 4, 0, 2, 1, 0, 1, 1, 0, 1, 2, 0, 1, 2, 1, 4, 3, 0, 0, 2, 1, 2, 2, 1, 2, 5, 4, 3, 2, 2, 3, 1, 0, 0, 1, 2, 2, 4, 7, 5, 3, 6, 2, 6, 6, 6, 4, 3, 6, 1, 3, 5, 1, 0, 3, 0, 1, 0, 0, 2, 1, 3, 2, 0, 5, 1, 4, 3, 2, 4, 1, 0, 4, 0, 5, 3, 0, 1, 4, 1, 0, 2, 2, 1, 2, 3, 4, 12, 14, 5, 12, 15, 19, 18, 14, 20, 10, 11, 10, 9, 14, 8, 7, 5, 6, 5, 6, 7, 21, 13, 27, 34, 32, 28, 26, 27, 24, 31, 32, 30, 49, 48, 19, 33, 29, 28, 16, 9, 13, 11, 4, 5, 10, 13, 12, 22, 17, 41, 29, 28, 39, 33, 31, 43, 38, 39, 36, 37, 29, 25, 10, 13, 15, 20, 13, 17, 21, 27, 42, 38, 60, 43, 41, 51, 56, 54, 37, 38, 45, 38, 38, 21, 27, 21, 18, 18, 4, 12, 13, 10, 11, 27, 26, 44, 32, 47, 61, 50, 57, 55, 41, 41, 46, 43, 25, 37, 26, 22, 14, 14, 16, 8, 8, 12, 22, 17, 33, 36, 34, 55, 37, 48, 57, 43, 49, 46, 33, 41, 31, 33, 22, 24, 7, 10, 7, 14, 7, 9, 11, 13, 20, 25, 42, 31, 34, 28, 28, 32, 27, 19, 23, 16, 32, 12, 17, 16, 5, 12, 8, 5, 9, 9, 11, 13, 20, 22, 17, 17, 17, 16, 18, 31, 28, 12, 13, 16, 22, 10, 24, 20, 18, 10, 6, 9, 11, 13, 20, 31, 22, 50, 35, 50, 44, 37, 47, 46, 35, 35, 35, 48, 29, 26, 23, 22, 14, 6, 5, 8, 8, 6, 12, 26, 31, 44, 46, 44, 31, 25, 32, 27, 30, 29, 22, 16, 20, 14, 18, 8, 7, 16, 8, 9, 13, 12, 15, 17, 24, 20, 34, 23, 25, 26, 15, 29, 51, 18, 25, 13]}

Keywords: 'hospital', 'evacuate', 'closed', 'full', 'flood', 'victim'
{'hospital': [0, 0, 0, 0, 0, 0, 0, 0, 0, 0, 0, 0, 0, 0, 0, 0, 0, 0, 0, 0, 0, 0, 0, 0, 0, 0, 0, 0, 0, 0, 0, 0, 1, 0, 0, 0, 0, 0, 0, 1, 0, 0, 0, 0, 0, 0, 0, 0, 0, 0, 0, 0, 0, 0, 0, 0, 0, 0, 0, 0, 0, 0, 0, 0, 0, 0, 0, 0, 0, 0, 0, 0, 0, 0, 0, 0, 0, 0, 0, 0, 0, 0, 0, 0, 0, 0, 0, 0, 0, 0, 0, 0, 0, 0, 0, 0, 0, 0, 0, 0, 0, 0, 0, 0, 0, 0, 0, 1, 0, 0, 0, 0, 0, 0, 0, 0, 0, 0, 0, 1, 0, 1, 0, 0, 0, 0, 0, 0, 0, 0, 0, 0, 0, 1, 1, 0, 1, 1, 1, 2, 2, 4, 5, 2, 2, 2, 1, 1, 0, 0, 0, 0, 0, 0, 0, 1, 2, 1, 6, 3, 5, 13, 1, 2, 6, 4, 3, 1, 2, 1, 0, 4, 0, 1, 0, 0, 0, 2, 3, 3, 4, 10, 11, 14, 4, 6, 2, 1, 1, 2, 0, 4, 0, 0, 0, 1, 0, 0, 0, 1, 0, 1, 2, 1, 1, 2, 0, 1, 3, 3, 3, 10, 7, 3, 4, 4, 1, 3, 4, 0, 3, 0, 4, 0, 0, 2, 0, 0, 5, 7, 3, 9, 6, 4, 3, 3, 5, 4, 6, 2, 0, 1, 3, 3, 1, 1, 1, 2, 0, 0, 2, 0, 4, 3, 5, 0, 1, 2, 1, 1, 0, 0, 1, 3, 2, 1, 0, 0, 0, 0, 1, 2, 0, 0, 1, 0, 0, 3, 3, 3, 2, 3, 2, 2, 8, 3, 5, 1, 5, 6, 5, 4, 2, 1, 3, 0, 1, 0, 0, 1, 8, 4, 12, 3, 9, 14, 5, 10, 14, 5, 10, 12, 7, 8, 10, 7, 10, 1, 0, 3, 0, 1, 5, 5, 8, 6, 18, 11, 13, 8, 9, 11, 11, 16, 19, 7, 9, 7, 3, 2, 4, 4, 3, 5, 1, 1, 0, 7, 7, 12, 6, 14, 8, 10, 6, 5, 4, 0, 5, 6, 3, 2, 5, 7, 0, 1, 2, 3, 2, 1, 5, 4, 3, 4, 6, 11, 10, 8, 7, 10, 5, 5, 4, 10, 7, 4, 2, 6, 7, 1, 2, 4, 4, 5, 2, 5, 5, 5, 7, 10, 10, 7, 7, 11, 2, 5, 4, 1, 2, 6, 6, 2, 1, 5, 0, 1, 1, 1, 2, 3, 4, 4, 4, 7, 2, 1, 7, 2, 1, 1, 7, 1, 2, 1, 3, 1, 2, 1, 0, 1, 1, 0, 1, 1, 4, 2, 2, 1, 2, 3, 2, 5, 5, 1, 0, 1, 2, 2, 2, 1, 1, 1, 0, 2, 1, 0, 2, 2, 2, 6, 1, 2, 3, 2, 3, 2, 1, 3, 4, 3, 2, 1, 1, 0, 2, 0, 0, 0, 0, 0, 0, 2, 5, 2, 1, 9, 6, 3, 2, 2, 3, 0, 1, 0, 0, 0, 1, 0, 0, 0, 0, 0, 0, 0, 1, 1, 0, 0, 1, 2, 2, 1, 1, 0, 3, 0, 1, 1], 'evacuate': [0, 0, 0, 0, 0, 0, 0, 0, 0, 0, 0, 0, 0, 0, 0, 0, 0, 0, 0, 0, 1, 0, 0, 0, 0, 0, 0, 0, 0, 0, 0, 0, 0, 0, 0, 0, 0, 0, 0, 0, 0, 0, 0, 0, 0, 0, 0, 0, 0, 0, 0, 0, 0, 0, 0, 0, 0, 0, 0, 0, 0, 0, 0, 0, 0, 0, 0, 0, 0, 0, 0, 0, 0, 0, 0, 0, 0, 0, 0, 0, 0, 0, 0, 0, 0, 0, 0, 0, 0, 0, 0, 0, 0, 0, 0, 0, 0, 0, 0, 0, 0, 0, 0, 0, 0, 0, 0, 0, 0, 0, 0, 0, 1, 0, 0, 0, 0, 0, 0, 0, 0, 0, 0, 0, 1, 0, 0, 0, 0, 0, 0, 0, 0, 0, 1, 0, 1, 1, 1, 0, 0, 0, 1, 0, 0, 0, 0, 0, 0, 0, 0, 0, 0, 0, 0, 1, 1, 0, 2, 4, 0, 1, 1, 0, 0, 1, 0, 2, 0, 0, 1, 0, 0, 0, 0, 0, 0, 1, 1, 1, 3, 6, 1, 11, 1, 3, 13, 2, 7, 7, 6, 14, 7, 7, 7, 5, 4, 3, 1, 3, 0, 2, 2, 4, 9, 7, 15, 36, 33, 20, 19, 19, 22, 25, 20, 19, 17, 23, 20, 24, 13, 12, 4, 4, 6, 8, 10, 21, 26, 26, 41, 29, 30, 37, 34, 50, 24, 33, 43, 29, 38, 40, 32, 23, 19, 7, 16, 16, 11, 9, 13, 16, 29, 22, 23, 31, 30, 30, 44, 35, 32, 22, 13, 17, 15, 16, 13, 14, 6, 7, 5, 9, 7, 5, 7, 13, 34, 41, 56, 99, 65, 75, 51, 45, 48, 52, 43, 90, 57, 70, 92, 60, 50, 35, 28, 37, 22, 26, 44, 56, 56, 84, 104, 84, 104, 74, 72, 84, 70, 79, 73, 58, 82, 54, 53, 51, 41, 19, 22, 33, 20, 15, 22, 37, 51, 52, 45, 48, 55, 52, 40, 37, 50, 38, 47, 43, 40, 25, 27, 18, 12, 7, 9, 8, 8, 20, 19, 12, 21, 41, 47, 48, 45, 49, 46, 37, 37, 31, 25, 26, 19, 25, 23, 24, 15, 14, 9, 6, 10, 10, 12, 17, 27, 38, 26, 38, 30, 38, 35, 23, 31, 18, 23, 22, 26, 8, 15, 16, 10, 6, 4, 11, 3, 3, 7, 9, 7, 18, 22, 13, 13, 16, 15, 24, 16, 18, 16, 11, 16, 9, 7, 4, 4, 5, 6, 6, 4, 2, 2, 9, 6, 5, 8, 6, 14, 12, 12, 14, 9, 17, 15, 12, 4, 1, 11, 5, 1, 6, 0, 3, 1, 0, 1, 2, 6, 10, 11, 1, 3, 9, 6, 10, 17, 12, 13, 11, 7, 10, 12, 4, 6, 5, 0, 3, 4, 8, 4, 4, 7, 11, 11, 8, 9, 11, 12, 10, 8, 8, 6, 16, 8, 10, 10, 4, 7, 7, 2, 5, 1, 3, 0, 7, 3, 6, 5, 11, 10, 5, 1, 2, 6, 7, 4, 1, 5, 0, 3, 3, 4, 0, 0, 5, 0, 2, 1, 1, 2, 3, 0, 2, 7, 3, 4, 8, 7, 10, 4, 3], 'closed': [0, 0, 0, 0, 0, 0, 0, 0, 0, 0, 0, 0, 0, 1, 0, 0, 0, 0, 0, 0, 0, 0, 0, 0, 0, 1, 0, 0, 0, 0, 0, 0, 0, 0, 0, 0, 0, 0, 0, 0, 0, 0, 0, 0, 0, 0, 0, 0, 0, 0, 0, 0, 0, 0, 0, 0, 0, 0, 0, 0, 0, 0, 0, 1, 0, 2, 0, 0, 0, 0, 0, 0, 0, 0, 0, 0, 0, 0, 0, 0, 0, 0, 0, 0, 0, 0, 0, 0, 0, 0, 0, 0, 0, 0, 0, 0, 0, 0, 0, 0, 0, 0, 0, 0, 0, 0, 0, 0, 0, 0, 1, 0, 0, 0, 0, 0, 0, 1, 0, 2, 0, 0, 1, 0, 0, 0, 0, 0, 0, 0, 0, 0, 1, 1, 2, 7, 1, 3, 1, 2, 0, 0, 1, 0, 0, 1, 1, 0, 0, 0, 1, 1, 2, 0, 1, 4, 2, 1, 0, 1, 3, 3, 0, 1, 1, 0, 2, 3, 2, 2, 0, 1, 0, 0, 0, 1, 0, 0, 2, 6, 7, 9, 7, 12, 8, 4, 5, 7, 7, 6, 3, 5, 2, 5, 2, 0, 1, 0, 1, 0, 2, 1, 2, 3, 1, 7, 12, 15, 23, 18, 14, 16, 31, 22, 9, 10, 2, 6, 4, 4, 4, 1, 1, 1, 1, 4, 6, 8, 14, 38, 42, 56, 81, 76, 72, 88, 86, 54, 23, 21, 15, 9, 11, 2, 2, 4, 0, 2, 4, 1, 4, 7, 20, 26, 13, 31, 21, 12, 25, 10, 17, 11, 9, 7, 6, 6, 12, 4, 5, 2, 2, 1, 2, 3, 5, 7, 12, 27, 27, 35, 28, 75, 53, 50, 72, 61, 44, 64, 38, 30, 20, 12, 9, 5, 4, 5, 7, 7, 9, 25, 64, 86, 105, 114, 111, 76, 71, 60, 65, 77, 67, 63, 39, 37, 25, 21, 9, 5, 7, 6, 7, 5, 16, 27, 65, 96, 101, 76, 84, 69, 61, 72, 64, 57, 50, 43, 26, 32, 12, 8, 13, 5, 5, 3, 5, 6, 10, 27, 39, 64, 67, 54, 57, 58, 47, 53, 57, 61, 32, 28, 25, 19, 17, 6, 12, 2, 4, 5, 4, 9, 14, 18, 30, 35, 48, 35, 46, 41, 30, 48, 35, 22, 29, 25, 18, 25, 11, 3, 3, 2, 3, 2, 4, 5, 15, 22, 25, 20, 34, 33, 24, 16, 16, 23, 14, 16, 12, 9, 9, 4, 8, 2, 4, 2, 1, 1, 2, 2, 5, 9, 5, 19, 9, 11, 10, 7, 3, 12, 4, 4, 4, 1, 7, 2, 2, 1, 1, 2, 0, 0, 0, 2, 2, 5, 4, 3, 9, 3, 5, 9, 3, 18, 6, 9, 5, 2, 4, 2, 1, 1, 3, 1, 0, 0, 4, 7, 12, 12, 11, 8, 3, 2, 11, 4, 4, 18, 6, 5, 8, 7, 4, 0, 2, 0, 0, 0, 0, 0, 2, 1, 4, 0, 5, 3, 3, 1, 2, 3, 3, 2, 0, 2, 0, 0, 4, 0, 0, 0, 0, 0, 0, 0, 1, 0, 1, 1, 1, 1, 1, 2, 2, 2, 0, 1, 2, 1, 1, 1], 'full': [0, 0, 2, 0, 0, 0, 0, 0, 0, 0, 2, 0, 0, 0, 0, 0, 1, 4, 0, 1, 0, 0, 0, 1, 0, 3, 0, 0, 0, 0, 0, 0, 0, 0, 0, 0, 0, 1, 1, 1, 0, 0, 0, 0, 1, 0, 0, 1, 0, 0, 0, 0, 0, 0, 0, 0, 0, 0, 1, 1, 1, 0, 1, 1, 1, 1, 2, 0, 0, 2, 0, 1, 1, 0, 1, 0, 0, 0, 1, 0, 2, 1, 0, 0, 0, 0, 0, 2, 0, 1, 1, 0, 1, 4, 5, 1, 4, 4, 0, 6, 1, 0, 1, 0, 0, 4, 0, 4, 0, 0, 2, 2, 1, 3, 4, 3, 3, 6, 3, 6, 2, 1, 1, 5, 1, 0, 0, 0, 0, 7, 1, 2, 2, 4, 4, 16, 10, 10, 6, 7, 7, 12, 8, 4, 8, 4, 4, 4, 1, 1, 0, 0, 1, 5, 6, 12, 14, 6, 12, 7, 11, 14, 8, 10, 13, 13, 12, 8, 12, 9, 6, 4, 6, 2, 1, 2, 3, 11, 15, 14, 19, 24, 19, 38, 31, 26, 36, 38, 30, 44, 32, 30, 34, 30, 23, 18, 16, 5, 3, 6, 7, 10, 12, 27, 20, 29, 36, 60, 44, 40, 49, 47, 36, 55, 45, 48, 46, 43, 39, 36, 23, 13, 13, 14, 11, 11, 17, 35, 46, 67, 51, 52, 65, 45, 63, 47, 62, 59, 44, 44, 55, 49, 36, 35, 27, 19, 7, 12, 15, 15, 15, 29, 53, 53, 46, 76, 63, 38, 34, 45, 36, 30, 29, 32, 27, 24, 23, 31, 18, 15, 5, 8, 4, 10, 14, 18, 55, 37, 75, 80, 72, 88, 75, 66, 67, 78, 54, 64, 55, 56, 51, 47, 41, 13, 16, 22, 8, 22, 26, 33, 64, 57, 74, 79, 86, 57, 57, 53, 59, 52, 68, 56, 63, 52, 71, 30, 38, 14, 9, 17, 11, 20, 23, 46, 51, 55, 52, 69, 71, 54, 55, 38, 48, 62, 48, 33, 40, 39, 42, 20, 23, 13, 8, 12, 10, 21, 31, 40, 44, 68, 66, 59, 55, 51, 45, 26, 51, 49, 58, 52, 53, 43, 41, 39, 23, 20, 9, 10, 10, 19, 20, 36, 43, 56, 46, 67, 40, 47, 44, 37, 54, 40, 34, 43, 30, 37, 34, 25, 21, 16, 11, 22, 8, 11, 15, 23, 42, 42, 45, 53, 30, 35, 32, 39, 29, 25, 31, 38, 25, 25, 18, 13, 12, 5, 5, 6, 3, 8, 11, 26, 21, 26, 22, 22, 18, 27, 28, 20, 19, 23, 21, 21, 18, 5, 16, 8, 12, 7, 2, 7, 6, 4, 6, 9, 13, 13, 22, 20, 20, 11, 12, 9, 8, 9, 20, 10, 12, 5, 19, 7, 12, 3, 2, 3, 5, 7, 11, 12, 14, 8, 25, 11, 11, 13, 14, 27, 40, 46, 40, 42, 26, 25, 15, 19, 6, 5, 4, 5, 7, 3, 4, 10, 10, 14, 25, 19, 14, 9, 7, 6, 6, 8, 13, 5, 9, 6, 7, 4, 10, 0, 1, 4, 0, 3, 5, 6, 12, 3, 3, 7, 12, 4, 5, 10, 8, 10, 4, 9], 'flood': [0, 0, 0, 0, 0, 0, 0, 0, 0, 0, 0, 0, 0, 0, 0, 0, 0, 0, 0, 0, 0, 0, 0, 0, 0, 0, 1, 0, 0, 0, 0, 0, 0, 0, 0, 0, 0, 0, 0, 0, 0, 0, 0, 0, 0, 0, 0, 1, 0, 0, 0, 0, 0, 0, 0, 0, 0, 0, 0, 0, 0, 0, 0, 0, 0, 0, 0, 0, 0, 0, 0, 0, 0, 0, 0, 0, 0, 0, 0, 0, 0, 0, 0, 0, 0, 0, 1, 0, 0, 0, 0, 0, 0, 1, 0, 1, 1, 0, 1, 0, 1, 0, 0, 0, 0, 0, 0, 0, 0, 0, 1, 3, 2, 1, 2, 1, 0, 1, 0, 0, 2, 1, 0, 0, 0, 0, 0, 0, 0, 1, 1, 3, 0, 5, 2, 1, 4, 2, 4, 1, 1, 5, 1, 2, 1, 2, 0, 1, 0, 1, 0, 0, 0, 1, 4, 8, 6, 12, 9, 14, 6, 9, 14, 6, 24, 11, 11, 18, 9, 3, 8, 6, 5, 9, 4, 7, 7, 21, 27, 22, 40, 41, 24, 29, 24, 29, 37, 31, 30, 30, 19, 10, 14, 15, 14, 14, 12, 7, 2, 9, 7, 11, 23, 15, 19, 39, 22, 36, 24, 33, 25, 32, 43, 55, 43, 40, 33, 30, 34, 37, 26, 15, 22, 28, 20, 35, 47, 47, 29, 38, 37, 62, 60, 59, 42, 40, 50, 53, 42, 45, 31, 37, 30, 25, 27, 16, 11, 15, 11, 16, 22, 34, 29, 35, 38, 50, 40, 28, 16, 20, 28, 26, 15, 21, 13, 15, 10, 21, 9, 7, 5, 6, 3, 10, 18, 18, 33, 37, 40, 61, 64, 58, 51, 62, 55, 49, 55, 57, 34, 35, 36, 31, 25, 45, 27, 47, 22, 22, 27, 34, 35, 62, 73, 101, 90, 112, 124, 118, 111, 129, 125, 140, 90, 71, 70, 77, 64, 46, 31, 58, 33, 55, 54, 67, 85, 94, 95, 129, 114, 93, 103, 106, 109, 117, 96, 81, 74, 59, 51, 52, 40, 44, 31, 45, 29, 45, 53, 67, 79, 111, 122, 122, 109, 105, 96, 104, 84, 96, 75, 86, 59, 84, 67, 91, 72, 63, 46, 68, 54, 67, 75, 94, 133, 191, 164, 159, 155, 123, 118, 117, 113, 148, 122, 95, 72, 79, 55, 56, 43, 39, 27, 69, 26, 52, 40, 62, 85, 114, 147, 124, 116, 105, 123, 128, 100, 111, 64, 89, 70, 65, 49, 29, 40, 18, 19, 46, 25, 14, 15, 41, 43, 53, 47, 47, 46, 52, 37, 35, 34, 21, 29, 29, 19, 20, 21, 18, 7, 5, 8, 19, 2, 10, 15, 9, 19, 24, 17, 16, 20, 10, 7, 13, 7, 8, 17, 9, 15, 10, 11, 9, 6, 4, 5, 10, 3, 5, 7, 7, 18, 13, 18, 12, 15, 8, 21, 22, 23, 22, 19, 11, 5, 8, 4, 6, 7, 4, 6, 11, 2, 6, 6, 11, 11, 12, 14, 15, 17, 7, 10, 3, 7, 15, 10, 11, 12, 10, 12, 8, 17, 9, 10, 9, 12, 9, 7, 11, 8, 17, 16, 13, 13, 12, 10, 11, 9, 4, 3, 6], 'victim': [0, 0, 1, 0, 0, 0, 0, 0, 0, 0, 0, 0, 0, 0, 0, 0, 0, 0, 0, 0, 0, 0, 0, 0, 0, 0, 0, 0, 0, 0, 0, 0, 0, 0, 0, 0, 0, 0, 0, 0, 0, 0, 0, 0, 1, 0, 0, 0, 0, 0, 0, 0, 0, 0, 0, 0, 0, 0, 0, 0, 0, 0, 0, 0, 0, 1, 0, 0, 0, 0, 0, 0, 0, 0, 0, 0, 0, 0, 0, 0, 0, 0, 0, 0, 0, 0, 0, 0, 0, 0, 0, 0, 0, 1, 0, 0, 0, 0, 0, 0, 0, 0, 0, 0, 0, 0, 0, 0, 0, 0, 0, 0, 0, 0, 0, 0, 0, 0, 0, 0, 0, 0, 0, 0, 0, 0, 0, 0, 0, 0, 0, 0, 0, 0, 0, 0, 0, 0, 0, 0, 0, 0, 0, 0, 0, 0, 0, 0, 0, 0, 0, 0, 0, 0, 0, 1, 0, 0, 0, 0, 0, 1, 0, 1, 0, 5, 1, 0, 0, 1, 1, 0, 0, 2, 0, 3, 1, 0, 3, 3, 1, 1, 1, 2, 2, 0, 4, 8, 11, 0, 2, 4, 0, 2, 1, 0, 1, 1, 0, 1, 2, 0, 1, 2, 1, 4, 3, 0, 1, 2, 1, 2, 2, 1, 2, 5, 4, 3, 3, 3, 3, 1, 1, 0, 1, 3, 2, 4, 7, 6, 3, 6, 2, 6, 7, 7, 4, 3, 6, 1, 4, 6, 1, 0, 3, 0, 1, 0, 1, 2, 1, 3, 4, 0, 5, 1, 4, 3, 3, 5, 1, 0, 5, 0, 5, 3, 0, 3, 4, 2, 0, 2, 2, 1, 2, 3, 4, 13, 14, 7, 12, 16, 20, 19, 16, 21, 11, 11, 11, 9, 15, 9, 7, 6, 6, 7, 6, 9, 21, 14, 29, 38, 34, 28, 28, 28, 25, 35, 38, 35, 51, 53, 25, 35, 32, 29, 18, 9, 13, 12, 5, 6, 14, 15, 21, 28, 21, 44, 32, 29, 45, 38, 38, 46, 42, 42, 38, 42, 34, 24, 12, 16, 18, 21, 13, 18, 22, 31, 45, 45, 67, 52, 47, 60, 61, 64, 55, 49, 58, 50, 52, 27, 32, 27, 27, 22, 7, 17, 16, 15, 17, 35, 35, 57, 36, 65, 71, 65, 72, 62, 53, 55, 53, 63, 27, 42, 30, 31, 20, 16, 18, 11, 10, 18, 28, 22, 46, 45, 41, 64, 43, 61, 66, 52, 58, 57, 36, 43, 39, 40, 24, 26, 8, 13, 11, 17, 10, 10, 15, 18, 22, 31, 50, 33, 36, 31, 34, 35, 30, 22, 26, 17, 33, 14, 21, 19, 6, 14, 9, 6, 9, 10, 12, 13, 23, 32, 22, 20, 22, 24, 21, 32, 34, 15, 16, 21, 25, 12, 28, 20, 21, 14, 8, 12, 11, 14, 23, 34, 30, 57, 42, 58, 51, 46, 56, 50, 37, 40, 42, 55, 30, 28, 25, 23, 20, 8, 7, 11, 9, 10, 20, 33, 42, 46, 54, 50, 37, 33, 46, 35, 38, 31, 30, 20, 21, 18, 19, 9, 7, 17, 12, 11, 15, 19, 19, 17, 29, 20, 39, 35, 32, 29, 22, 33, 56, 21, 31, 16]}

Ida:

Total Counts
hospital 4524
evacuate 8690
clos 8436
closed 2334
full 7401
flood 28151
victim 5503

Counts by Hour
Keywords: 'hospital', 'evacuate', 'clos', 'full', 'flood', 'victim'
{'hospital': [2, 2, 3, 0, 3, 0, 0, 1, 0, 0, 1, 0, 2, 1, 0, 2, 2, 0, 1, 1, 0, 1, 3, 0, 5, 3, 1, 0, 1, 0, 1, 1, 0, 0, 0, 0, 1, 1, 0, 4, 1, 2, 1, 1, 4, 2, 0, 2, 0, 0, 0, 2, 2, 0, 0, 0, 0, 0, 0, 2, 2, 6, 4, 8, 4, 4, 5, 4, 3, 2, 8, 7, 3, 6, 5, 2, 2, 1, 1, 1, 1, 0, 1, 4, 4, 12, 20, 14, 12, 23, 20, 17, 19, 40, 36, 31, 28, 23, 49, 34, 38, 20, 10, 7, 5, 3, 5, 17, 32, 31, 44, 38, 50, 41, 37, 35, 45, 52, 43, 60, 41, 36, 24, 36, 18, 30, 12, 21, 22, 15, 12, 34, 65, 92, 121, 87, 88, 74, 55, 62, 75, 92, 93, 69, 67, 89, 82, 63, 51, 42, 35, 24, 14, 21, 17, 35, 37, 47, 42, 40, 35, 73, 37, 25, 45, 41, 31, 17, 23, 17, 30, 18, 14, 11, 7, 6, 7, 7, 10, 13, 12, 38, 20, 8, 11, 15, 14, 15, 14, 10, 17, 17, 11, 7, 9, 5, 7, 2, 1, 3, 2, 3, 3, 2, 10, 13, 13, 7, 6, 12, 11, 9, 9, 7, 6, 5, 4, 7, 3, 3, 4, 6, 3, 4, 3, 3, 2, 5, 3, 9, 8, 8, 8, 7, 10, 3, 7, 5, 6, 11, 2, 7, 5, 2, 2, 3, 0, 3, 0, 7, 5, 2, 3, 2, 3, 5, 5, 4, 5, 6, 7, 1, 3, 3, 2, 2, 1, 2, 2, 0, 0, 1, 2, 0, 0, 1, 3, 0, 1, 2, 4, 3, 2, 3, 4, 5, 2, 4, 1, 0, 1, 3, 0, 1, 3, 0, 0, 0, 1, 2, 1, 2, 2, 3, 4, 1, 3, 2, 1, 2, 1, 3, 0, 2, 1, 0, 2, 0, 0, 1, 0, 0, 1, 0, 0, 1, 1, 2, 4, 3, 2, 1, 2, 1, 0, 2, 1, 3, 3, 0, 0, 1, 0, 2, 0, 1, 1, 2, 6, 8, 2, 2, 4, 6, 0, 0, 5, 3, 1, 3, 2, 1, 1, 2, 0, 0, 0, 1, 1, 0, 1, 2, 1, 1, 4, 2, 1, 2, 2, 5, 3, 6, 3, 3, 3, 4, 0, 3, 1, 0, 1, 3, 0, 1, 2, 2, 1, 2, 5, 1, 4, 3, 5, 3, 2, 4, 2, 0, 1, 4, 1, 3, 0, 0, 1, 0, 1, 2, 4, 0, 2, 3, 1, 0, 2, 5, 4, 2, 1, 1, 1, 1, 2, 1, 1, 0, 1, 0, 0, 0, 0, 1, 0, 0, 0, 1, 0, 1, 0, 0, 1, 2, 4, 1, 2, 0, 0, 0, 1, 1, 1, 0, 0, 2, 0, 0, 0, 0, 1, 1, 0, 0, 1, 2, 2, 1, 4, 0, 1, 0, 0, 0, 1, 1, 2, 1, 0, 0, 0, 2, 0, 2, 4, 1, 1, 1, 1, 0, 5, 1, 3, 2, 1, 1], 'evacuate': [3, 5, 2, 1, 1, 0, 0, 2, 1, 0, 3, 1, 4, 3, 1, 7, 4, 5, 2, 6, 4, 3, 3, 2, 2, 7, 4, 2, 0, 1, 2, 1, 0, 0, 0, 3, 7, 7, 4, 4, 8, 4, 5, 8, 4, 5, 5, 2, 6, 5, 6, 4, 1, 2, 1, 2, 2, 2, 2, 5, 4, 12, 7, 17, 3, 8, 12, 9, 10, 12, 10, 11, 11, 7, 6, 12, 1, 5, 2, 3, 2, 5, 4, 14, 17, 19, 18, 32, 36, 73, 70, 53, 63, 115, 89, 101, 57, 85, 86, 62, 62, 36, 33, 27, 13, 11, 21, 38, 63, 84, 80, 72, 86, 100, 97, 93, 108, 85, 85, 96, 77, 64, 90, 79, 53, 41, 37, 39, 24, 28, 43, 94, 125, 165, 150, 147, 157, 129, 141, 111, 92, 73, 62, 74, 62, 72, 81, 90, 72, 63, 41, 23, 19, 20, 29, 39, 61, 62, 64, 68, 66, 59, 48, 57, 50, 47, 63, 46, 39, 40, 46, 30, 17, 9, 11, 10, 10, 6, 9, 18, 22, 33, 25, 28, 30, 22, 21, 37, 31, 25, 24, 24, 23, 19, 15, 12, 10, 9, 3, 10, 4, 3, 6, 7, 11, 29, 23, 31, 21, 27, 14, 26, 22, 13, 15, 17, 15, 13, 17, 16, 8, 6, 6, 6, 2, 2, 6, 8, 10, 14, 19, 25, 38, 21, 30, 22, 21, 21, 22, 23, 19, 18, 14, 10, 8, 8, 4, 7, 4, 6, 5, 10, 10, 11, 8, 8, 13, 15, 10, 18, 18, 21, 17, 16, 9, 12, 6, 2, 2, 3, 6, 7, 5, 3, 2, 3, 4, 9, 8, 18, 7, 9, 8, 9, 12, 6, 10, 10, 12, 10, 7, 19, 8, 6, 0, 2, 0, 1, 0, 5, 4, 4, 8, 8, 5, 3, 6, 7, 7, 1, 6, 5, 3, 5, 4, 4, 4, 1, 1, 0, 2, 1, 2, 4, 6, 6, 3, 12, 10, 6, 8, 4, 5, 5, 7, 9, 3, 1, 2, 1, 3, 2, 0, 3, 1, 4, 1, 1, 9, 17, 12, 3, 7, 10, 10, 7, 13, 25, 9, 7, 2, 8, 9, 9, 4, 3, 3, 4, 1, 3, 3, 5, 9, 5, 12, 9, 17, 6, 4, 7, 5, 6, 4, 13, 11, 9, 7, 10, 2, 3, 2, 5, 2, 1, 3, 0, 4, 11, 6, 10, 5, 4, 2, 6, 5, 6, 6, 3, 5, 2, 1, 4, 2, 1, 0, 0, 1, 0, 0, 1, 7, 3, 9, 2, 7, 2, 9, 5, 6, 3, 7, 2, 2, 2, 1, 2, 3, 2, 1, 2, 3, 1, 0, 1, 3, 2, 0, 1, 5, 2, 2, 1, 0, 0, 0, 1, 3, 0, 1, 1, 3, 1, 3, 4, 1, 0, 2, 2, 4, 2, 0, 1, 4, 5, 2, 7, 0, 2, 3, 2, 0, 2, 3, 3, 2, 0, 3, 1, 0, 0, 0, 1, 1, 5, 4, 5, 4, 2, 2, 5, 3, 4, 4, 4], 'clos': [4, 6, 3, 4, 2, 1, 0, 1, 1, 0, 1, 2, 3, 7, 2, 8, 7, 3, 4, 3, 3, 2, 2, 4, 3, 2, 4, 5, 1, 0, 1, 0, 0, 1, 4, 6, 5, 9, 10, 11, 8, 8, 11, 10, 7, 7, 7, 6, 8, 5, 3, 10, 5, 0, 3, 0, 3, 3, 7, 2, 14, 15, 22, 19, 13, 12, 9, 10, 8, 39, 28, 9, 14, 11, 3, 22, 6, 3, 2, 2, 1, 13, 5, 6, 18, 21, 36, 51, 53, 83, 69, 76, 66, 70, 53, 37, 29, 30, 23, 25, 11, 13, 10, 7, 4, 13, 5, 19, 23, 43, 39, 45, 58, 42, 64, 62, 60, 71, 72, 56, 46, 55, 32, 45, 37, 29, 27, 33, 25, 29, 39, 66, 100, 100, 150, 154, 134, 99, 96, 97, 75, 83, 90, 84, 86, 64, 46, 45, 30, 17, 21, 25, 16, 20, 22, 27, 44, 57, 54, 62, 48, 53, 52, 49, 42, 34, 42, 24, 19, 15, 19, 15, 7, 8, 7, 9, 7, 5, 7, 16, 27, 34, 28, 32, 33, 18, 29, 28, 26, 43, 35, 29, 20, 18, 15, 10, 12, 4, 5, 2, 2, 13, 21, 22, 19, 27, 33, 29, 29, 23, 25, 28, 37, 29, 20, 19, 21, 23, 24, 30, 22, 12, 12, 7, 4, 10, 28, 42, 44, 42, 47, 37, 44, 30, 25, 28, 34, 32, 21, 16, 17, 15, 16, 14, 8, 8, 3, 8, 3, 8, 7, 11, 22, 18, 30, 28, 17, 22, 19, 18, 22, 22, 18, 11, 11, 10, 16, 10, 7, 6, 3, 6, 1, 3, 6, 10, 11, 7, 11, 13, 15, 6, 7, 13, 11, 14, 14, 10, 8, 5, 11, 9, 6, 11, 0, 6, 6, 2, 6, 6, 12, 10, 12, 14, 15, 7, 10, 10, 11, 9, 16, 11, 7, 2, 9, 4, 1, 2, 3, 2, 3, 4, 6, 4, 9, 12, 7, 14, 9, 11, 7, 22, 12, 11, 9, 11, 5, 9, 3, 8, 1, 1, 1, 1, 1, 3, 6, 2, 9, 4, 10, 11, 12, 9, 16, 14, 10, 18, 13, 8, 11, 3, 7, 8, 0, 3, 1, 1, 1, 4, 4, 6, 17, 16, 5, 12, 5, 13, 17, 23, 13, 14, 11, 10, 6, 9, 5, 6, 2, 4, 5, 1, 4, 0, 9, 7, 5, 7, 14, 7, 5, 10, 6, 5, 9, 14, 8, 2, 7, 10, 10, 10, 1, 2, 1, 0, 1, 3, 2, 6, 8, 14, 11, 8, 13, 11, 22, 15, 7, 8, 6, 6, 2, 9, 8, 5, 3, 3, 3, 4, 1, 0, 2, 2, 8, 11, 10, 7, 7, 2, 8, 6, 6, 10, 5, 7, 7, 5, 4, 5, 2, 0, 0, 1, 0, 0, 1, 3, 9, 7, 8, 8, 5, 2, 4, 2, 8, 10, 10, 9, 9, 4, 7, 7, 1, 5, 5, 1, 3, 2, 3, 5, 9, 18, 23, 17, 14, 7, 16, 14, 14, 9, 11, 12], 'full': [3, 3, 4, 2, 1, 2, 0, 1, 0, 2, 2, 5, 3, 5, 5, 6, 4, 7, 4, 3, 2, 3, 3, 4, 5, 4, 8, 7, 3, 0, 1, 2, 0, 2, 6, 4, 4, 7, 5, 9, 13, 8, 11, 6, 3, 7, 4, 3, 2, 2, 5, 0, 2, 1, 0, 0, 2, 2, 4, 4, 7, 10, 13, 9, 10, 6, 13, 10, 13, 27, 11, 10, 7, 6, 12, 16, 9, 3, 3, 6, 2, 7, 4, 11, 20, 22, 30, 32, 27, 46, 39, 33, 32, 63, 49, 23, 25, 29, 33, 31, 21, 17, 7, 13, 6, 8, 2, 14, 25, 38, 29, 27, 39, 43, 40, 43, 58, 45, 49, 41, 48, 37, 33, 42, 17, 35, 19, 19, 21, 16, 20, 30, 57, 69, 103, 91, 75, 73, 80, 74, 92, 81, 82, 65, 54, 73, 47, 55, 49, 26, 26, 23, 13, 14, 22, 32, 43, 51, 43, 57, 54, 49, 50, 42, 29, 48, 33, 42, 30, 25, 34, 25, 13, 9, 1, 11, 7, 7, 7, 14, 27, 26, 19, 25, 32, 27, 27, 29, 26, 30, 34, 31, 20, 20, 16, 16, 9, 5, 4, 2, 0, 9, 11, 10, 18, 14, 19, 29, 23, 21, 23, 22, 17, 18, 23, 34, 19, 23, 29, 54, 31, 16, 8, 6, 8, 8, 13, 13, 26, 28, 45, 41, 40, 24, 37, 21, 33, 25, 27, 17, 12, 16, 13, 16, 17, 3, 6, 3, 7, 8, 2, 7, 19, 22, 14, 24, 27, 18, 26, 19, 13, 27, 16, 11, 7, 8, 7, 12, 8, 5, 3, 2, 1, 7, 7, 4, 7, 13, 14, 11, 17, 17, 12, 13, 14, 16, 19, 10, 9, 4, 10, 7, 4, 8, 1, 3, 2, 2, 4, 9, 12, 8, 5, 18, 12, 11, 8, 14, 10, 9, 9, 6, 11, 11, 6, 3, 5, 7, 2, 4, 7, 5, 2, 4, 5, 5, 14, 9, 8, 9, 14, 5, 12, 12, 8, 16, 9, 9, 5, 7, 5, 3, 1, 5, 2, 5, 3, 3, 10, 12, 10, 11, 16, 12, 16, 12, 10, 10, 3, 17, 8, 6, 10, 13, 6, 6, 5, 5, 2, 5, 5, 14, 7, 8, 10, 11, 18, 10, 5, 10, 10, 21, 8, 12, 9, 10, 2, 7, 2, 3, 2, 5, 1, 4, 3, 5, 6, 7, 11, 8, 10, 18, 16, 10, 10, 7, 10, 10, 7, 9, 5, 6, 2, 3, 4, 2, 1, 6, 4, 8, 4, 13, 11, 3, 16, 6, 12, 7, 14, 8, 6, 3, 4, 6, 7, 6, 6, 5, 1, 3, 5, 3, 5, 4, 9, 9, 12, 10, 10, 10, 7, 6, 3, 6, 6, 5, 3, 3, 1, 4, 4, 2, 0, 0, 2, 2, 2, 6, 3, 7, 4, 10, 3, 1, 10, 2, 7, 7, 11, 10, 5, 8, 4, 4, 5, 2, 2, 1, 2, 2, 4, 6, 3, 9, 12, 13, 7, 11, 6, 9, 16, 10, 11, 12], 'flood': [5, 14, 16, 5, 2, 5, 2, 5, 5, 2, 4, 6, 8, 13, 7, 18, 4, 9, 11, 5, 5, 4, 4, 6, 3, 5, 12, 4, 1, 2, 1, 2, 1, 2, 6, 6, 10, 8, 7, 5, 8, 15, 14, 10, 9, 11, 4, 7, 14, 9, 2, 5, 2, 3, 0, 7, 0, 1, 4, 7, 10, 14, 7, 17, 13, 11, 13, 16, 13, 20, 10, 10, 8, 12, 13, 27, 9, 6, 3, 5, 0, 5, 12, 15, 18, 32, 29, 46, 28, 42, 53, 39, 41, 74, 48, 37, 32, 27, 22, 29, 17, 17, 7, 15, 7, 13, 17, 26, 39, 51, 55, 62, 43, 46, 42, 51, 58, 67, 59, 69, 64, 37, 55, 59, 24, 34, 37, 42, 22, 49, 44, 56, 96, 103, 117, 136, 123, 152, 137, 98, 130, 154, 155, 123, 135, 128, 185, 157, 113, 93, 69, 83, 50, 117, 114, 151, 177, 155, 202, 179, 141, 139, 146, 161, 117, 120, 116, 94, 87, 72, 76, 69, 57, 47, 35, 49, 41, 54, 66, 75, 111, 102, 121, 127, 128, 116, 91, 91, 109, 125, 107, 109, 60, 60, 47, 35, 40, 35, 29, 35, 30, 35, 68, 62, 86, 89, 103, 101, 110, 81, 88, 91, 80, 83, 92, 107, 233, 168, 355, 539, 434, 278, 207, 212, 182, 204, 265, 342, 424, 461, 538, 520, 545, 449, 379, 342, 315, 313, 290, 242, 204, 186, 166, 170, 136, 115, 82, 124, 87, 90, 96, 136, 153, 170, 161, 187, 166, 155, 141, 144, 94, 110, 94, 84, 72, 52, 50, 42, 45, 36, 22, 42, 27, 19, 31, 44, 37, 53, 58, 61, 72, 64, 45, 55, 46, 55, 56, 43, 24, 26, 25, 19, 17, 19, 15, 18, 13, 15, 22, 22, 22, 39, 38, 44, 40, 38, 58, 31, 35, 34, 35, 33, 29, 27, 19, 20, 19, 9, 12, 17, 14, 18, 19, 27, 30, 26, 41, 44, 33, 36, 43, 57, 41, 30, 32, 38, 18, 29, 24, 20, 10, 10, 9, 16, 12, 10, 13, 39, 43, 39, 53, 53, 56, 40, 60, 50, 50, 51, 46, 36, 33, 39, 22, 17, 21, 13, 8, 15, 9, 9, 10, 19, 27, 29, 45, 39, 56, 42, 28, 26, 27, 42, 28, 19, 15, 26, 16, 13, 13, 11, 6, 6, 6, 10, 7, 16, 20, 23, 30, 28, 26, 23, 19, 29, 17, 24, 7, 20, 18, 14, 8, 7, 7, 5, 8, 7, 6, 5, 8, 12, 20, 27, 15, 24, 23, 27, 28, 22, 17, 19, 9, 8, 8, 10, 9, 1, 9, 6, 5, 5, 4, 6, 8, 4, 9, 8, 11, 4, 13, 20, 11, 9, 13, 6, 10, 11, 9, 3, 2, 5, 7, 3, 1, 4, 2, 5, 3, 4, 9, 9, 11, 19, 19, 20, 23, 27, 22, 23, 32, 43, 16, 22, 11, 13, 13, 11, 8, 5, 6, 11, 14, 20, 38, 47, 34, 47, 32, 39, 39, 34, 43, 47, 34, 19], 'victim': [4, 1, 1, 2, 0, 1, 2, 0, 0, 0, 0, 0, 2, 4, 3, 0, 2, 1, 2, 3, 0, 1, 4, 0, 4, 0, 1, 1, 2, 1, 1, 2, 0, 2, 1, 0, 0, 2, 2, 2, 0, 4, 2, 2, 0, 2, 3, 1, 2, 2, 0, 1, 0, 0, 0, 0, 1, 1, 2, 1, 1, 1, 1, 2, 1, 0, 1, 3, 2, 1, 3, 4, 4, 1, 0, 0, 3, 0, 0, 2, 1, 0, 1, 1, 2, 0, 3, 2, 1, 3, 4, 7, 1, 1, 2, 3, 8, 4, 3, 5, 7, 0, 2, 1, 0, 0, 0, 1, 5, 7, 2, 3, 13, 3, 3, 5, 10, 3, 2, 11, 4, 8, 8, 4, 9, 3, 3, 4, 2, 2, 5, 9, 21, 14, 27, 16, 20, 23, 10, 22, 31, 33, 22, 26, 18, 24, 32, 29, 24, 20, 12, 20, 13, 6, 17, 31, 38, 38, 47, 52, 53, 54, 59, 50, 41, 39, 47, 35, 29, 33, 23, 25, 14, 7, 7, 7, 11, 6, 14, 22, 25, 31, 31, 35, 37, 44, 40, 39, 37, 31, 35, 32, 15, 26, 21, 18, 12, 6, 8, 6, 2, 12, 5, 10, 22, 27, 33, 28, 20, 32, 36, 34, 21, 16, 23, 15, 16, 18, 14, 18, 7, 7, 2, 3, 6, 4, 8, 13, 25, 26, 33, 34, 47, 42, 35, 23, 37, 24, 25, 25, 17, 14, 27, 22, 6, 8, 8, 10, 10, 10, 6, 20, 22, 21, 26, 28, 37, 37, 25, 27, 42, 49, 39, 29, 22, 20, 16, 11, 6, 7, 6, 9, 5, 3, 9, 7, 15, 18, 15, 18, 14, 17, 8, 13, 18, 15, 8, 7, 14, 6, 10, 13, 3, 2, 2, 8, 6, 6, 8, 1, 24, 17, 25, 23, 26, 17, 32, 23, 19, 18, 13, 14, 9, 14, 9, 7, 8, 1, 6, 8, 3, 5, 6, 4, 10, 17, 15, 12, 17, 16, 14, 14, 14, 9, 12, 10, 7, 5, 2, 4, 2, 4, 1, 6, 3, 3, 4, 6, 13, 8, 7, 20, 22, 13, 25, 31, 21, 21, 16, 15, 8, 10, 7, 8, 6, 6, 1, 3, 4, 3, 3, 7, 5, 9, 8, 14, 15, 11, 10, 18, 13, 15, 16, 12, 12, 4, 11, 3, 4, 6, 0, 2, 0, 3, 4, 4, 8, 17, 14, 15, 12, 10, 16, 15, 19, 8, 12, 9, 6, 11, 5, 2, 5, 3, 1, 3, 3, 6, 5, 3, 7, 24, 26, 21, 13, 17, 12, 9, 13, 14, 5, 7, 7, 10, 2, 4, 2, 2, 1, 2, 0, 2, 0, 2, 2, 3, 4, 10, 9, 11, 3, 6, 4, 6, 10, 4, 6, 4, 5, 2, 0, 1, 1, 2, 3, 0, 0, 0, 4, 2, 1, 3, 4, 5, 4, 7, 5, 5, 7, 2, 2, 6, 1, 4, 4, 1, 1, 3, 0, 1, 1, 2, 1, 5, 6, 9, 11, 2, 11, 7, 9, 6, 12, 4]}

Keywords: 'hospital', 'evacuate', 'closed', 'full', 'flood', 'victim'
{'hospital': [2, 2, 3, 0, 3, 0, 0, 1, 0, 0, 1, 0, 2, 1, 0, 2, 2, 0, 1, 1, 0, 1, 3, 0, 5, 3, 1, 0, 1, 0, 1, 1, 0, 0, 0, 0, 1, 1, 0, 4, 1, 2, 1, 1, 4, 2, 0, 2, 0, 0, 0, 2, 2, 0, 0, 0, 0, 0, 0, 2, 2, 6, 4, 8, 4, 4, 5, 4, 3, 2, 8, 7, 3, 6, 5, 2, 2, 1, 1, 1, 1, 0, 1, 4, 4, 12, 20, 14, 12, 23, 20, 17, 19, 40, 36, 31, 28, 23, 49, 34, 38, 20, 10, 7, 5, 3, 5, 17, 32, 31, 44, 38, 50, 41, 37, 35, 45, 52, 43, 60, 41, 36, 24, 36, 18, 30, 12, 21, 22, 15, 12, 34, 65, 92, 121, 87, 88, 74, 55, 62, 75, 92, 93, 69, 67, 89, 82, 63, 51, 42, 35, 24, 14, 21, 17, 35, 37, 47, 42, 40, 35, 73, 37, 25, 45, 41, 31, 17, 23, 17, 30, 18, 14, 11, 7, 6, 7, 7, 10, 13, 12, 38, 20, 8, 11, 15, 14, 15, 14, 10, 17, 17, 11, 7, 9, 5, 7, 2, 1, 3, 2, 3, 3, 2, 10, 13, 13, 7, 6, 12, 11, 9, 9, 7, 6, 5, 4, 7, 3, 3, 4, 6, 3, 4, 3, 3, 2, 5, 3, 9, 8, 8, 8, 7, 10, 3, 7, 5, 6, 11, 2, 7, 5, 2, 2, 3, 0, 3, 0, 7, 5, 2, 3, 2, 3, 5, 5, 4, 5, 6, 7, 1, 3, 3, 2, 2, 1, 2, 2, 0, 0, 1, 2, 0, 0, 1, 3, 0, 1, 2, 4, 3, 2, 3, 4, 5, 2, 4, 1, 0, 1, 3, 0, 1, 3, 0, 0, 0, 1, 2, 1, 2, 2, 3, 4, 1, 3, 2, 1, 2, 1, 3, 0, 2, 1, 0, 2, 0, 0, 1, 0, 0, 1, 0, 0, 1, 1, 2, 4, 3, 2, 1, 2, 1, 0, 2, 1, 3, 3, 0, 0, 1, 0, 2, 0, 1, 1, 2, 6, 8, 2, 2, 4, 6, 0, 0, 5, 3, 1, 3, 2, 1, 1, 2, 0, 0, 0, 1, 1, 0, 1, 2, 1, 1, 4, 2, 1, 2, 2, 5, 3, 6, 3, 3, 3, 4, 0, 3, 1, 0, 1, 3, 0, 1, 2, 2, 1, 2, 5, 1, 4, 3, 5, 3, 2, 4, 2, 0, 1, 4, 1, 3, 0, 0, 1, 0, 1, 2, 4, 0, 2, 3, 1, 0, 2, 5, 4, 2, 1, 1, 1, 1, 2, 1, 1, 0, 1, 0, 0, 0, 0, 1, 0, 0, 0, 1, 0, 1, 0, 0, 1, 2, 4, 1, 2, 0, 0, 0, 1, 1, 1, 0, 0, 2, 0, 0, 0, 0, 1, 1, 0, 0, 1, 2, 2, 1, 4, 0, 1, 0, 0, 0, 1, 1, 2, 1, 0, 0, 0, 2, 0, 2, 4, 1, 1, 1, 1, 0, 5, 1, 3, 2, 1, 1], 'evacuate': [3, 5, 2, 1, 1, 0, 0, 2, 1, 0, 3, 1, 4, 3, 1, 7, 4, 5, 2, 6, 4, 3, 3, 2, 2, 7, 4, 2, 0, 1, 2, 1, 0, 0, 0, 3, 7, 7, 4, 4, 8, 4, 5, 8, 4, 5, 5, 2, 6, 5, 6, 4, 1, 2, 1, 2, 2, 2, 2, 5, 4, 12, 7, 17, 3, 8, 12, 9, 10, 12, 10, 11, 11, 7, 6, 12, 1, 5, 2, 3, 2, 5, 4, 14, 17, 19, 18, 32, 36, 73, 70, 53, 63, 115, 89, 101, 57, 85, 86, 62, 62, 36, 33, 27, 13, 11, 21, 38, 63, 84, 80, 72, 86, 100, 97, 93, 108, 85, 85, 96, 77, 64, 90, 79, 53, 41, 37, 39, 24, 28, 43, 94, 125, 165, 150, 147, 157, 129, 141, 111, 92, 73, 62, 74, 62, 72, 81, 90, 72, 63, 41, 23, 19, 20, 29, 39, 61, 62, 64, 68, 66, 59, 48, 57, 50, 47, 63, 46, 39, 40, 46, 30, 17, 9, 11, 10, 10, 6, 9, 18, 22, 33, 25, 28, 30, 22, 21, 37, 31, 25, 24, 24, 23, 19, 15, 12, 10, 9, 3, 10, 4, 3, 6, 7, 11, 29, 23, 31, 21, 27, 14, 26, 22, 13, 15, 17, 15, 13, 17, 16, 8, 6, 6, 6, 2, 2, 6, 8, 10, 14, 19, 25, 38, 21, 30, 22, 21, 21, 22, 23, 19, 18, 14, 10, 8, 8, 4, 7, 4, 6, 5, 10, 10, 11, 8, 8, 13, 15, 10, 18, 18, 21, 17, 16, 9, 12, 6, 2, 2, 3, 6, 7, 5, 3, 2, 3, 4, 9, 8, 18, 7, 9, 8, 9, 12, 6, 10, 10, 12, 10, 7, 19, 8, 6, 0, 2, 0, 1, 0, 5, 4, 4, 8, 8, 5, 3, 6, 7, 7, 1, 6, 5, 3, 5, 4, 4, 4, 1, 1, 0, 2, 1, 2, 4, 6, 6, 3, 12, 10, 6, 8, 4, 5, 5, 7, 9, 3, 1, 2, 1, 3, 2, 0, 3, 1, 4, 1, 1, 9, 17, 12, 3, 7, 10, 10, 7, 13, 25, 9, 7, 2, 8, 9, 9, 4, 3, 3, 4, 1, 3, 3, 5, 9, 5, 12, 9, 17, 6, 4, 7, 5, 6, 4, 13, 11, 9, 7, 10, 2, 3, 2, 5, 2, 1, 3, 0, 4, 11, 6, 10, 5, 4, 2, 6, 5, 6, 6, 3, 5, 2, 1, 4, 2, 1, 0, 0, 1, 0, 0, 1, 7, 3, 9, 2, 7, 2, 9, 5, 6, 3, 7, 2, 2, 2, 1, 2, 3, 2, 1, 2, 3, 1, 0, 1, 3, 2, 0, 1, 5, 2, 2, 1, 0, 0, 0, 1, 3, 0, 1, 1, 3, 1, 3, 4, 1, 0, 2, 2, 4, 2, 0, 1, 4, 5, 2, 7, 0, 2, 3, 2, 0, 2, 3, 3, 2, 0, 3, 1, 0, 0, 0, 1, 1, 5, 4, 5, 4, 2, 2, 5, 3, 4, 4, 4], 'closed': [0, 1, 0, 1, 1, 1, 0, 0, 0, 0, 0, 0, 1, 1, 0, 0, 1, 0, 0, 0, 0, 0, 1, 1, 1, 0, 0, 2, 0, 0, 0, 0, 0, 0, 0, 1, 0, 0, 1, 2, 3, 1, 2, 1, 0, 0, 2, 1, 1, 0, 0, 2, 0, 0, 0, 0, 0, 0, 0, 0, 1, 0, 1, 0, 0, 0, 1, 1, 0, 2, 2, 0, 1, 2, 0, 1, 0, 0, 0, 0, 0, 1, 0, 0, 2, 2, 3, 11, 18, 30, 31, 39, 19, 21, 15, 9, 9, 5, 1, 2, 3, 2, 3, 0, 1, 1, 0, 4, 3, 10, 11, 16, 18, 5, 16, 29, 15, 21, 27, 13, 8, 17, 5, 8, 4, 3, 3, 3, 4, 2, 4, 3, 10, 11, 24, 24, 23, 26, 24, 30, 25, 30, 28, 33, 24, 24, 14, 10, 5, 2, 5, 4, 3, 1, 4, 14, 18, 21, 13, 25, 13, 15, 18, 16, 23, 12, 21, 9, 7, 5, 8, 4, 1, 2, 1, 4, 2, 2, 2, 5, 11, 13, 16, 13, 12, 5, 15, 15, 9, 12, 20, 13, 10, 7, 1, 3, 4, 0, 2, 1, 1, 5, 7, 10, 8, 12, 14, 12, 10, 11, 9, 10, 10, 8, 9, 6, 9, 12, 5, 9, 6, 3, 2, 2, 0, 6, 14, 23, 28, 27, 19, 18, 17, 12, 6, 13, 16, 8, 8, 5, 8, 6, 7, 4, 1, 2, 0, 1, 1, 4, 1, 3, 8, 5, 13, 16, 3, 9, 9, 8, 3, 4, 3, 5, 2, 3, 2, 1, 1, 3, 0, 1, 0, 0, 2, 2, 3, 2, 2, 1, 4, 2, 0, 1, 1, 1, 2, 2, 2, 1, 2, 2, 2, 7, 0, 2, 3, 1, 1, 0, 3, 6, 6, 6, 2, 0, 1, 4, 3, 2, 8, 3, 4, 0, 4, 1, 1, 1, 3, 1, 1, 0, 1, 0, 3, 5, 4, 5, 1, 5, 0, 7, 1, 2, 4, 0, 3, 4, 0, 1, 0, 0, 0, 0, 0, 0, 0, 0, 1, 2, 4, 2, 5, 2, 4, 5, 3, 3, 4, 0, 2, 0, 0, 2, 0, 0, 0, 1, 0, 0, 1, 1, 1, 7, 1, 4, 2, 3, 5, 7, 4, 2, 1, 3, 3, 1, 1, 1, 0, 0, 2, 0, 1, 0, 1, 2, 0, 0, 2, 3, 1, 1, 1, 2, 1, 3, 3, 0, 1, 5, 3, 3, 0, 0, 1, 0, 0, 0, 1, 0, 0, 0, 0, 1, 2, 3, 8, 5, 4, 3, 2, 1, 1, 1, 2, 2, 1, 1, 0, 0, 1, 0, 0, 1, 2, 4, 3, 5, 3, 2, 4, 6, 3, 3, 0, 1, 1, 2, 1, 0, 1, 0, 0, 0, 0, 0, 1, 2, 5, 4, 6, 1, 1, 2, 1, 0, 4, 2, 1, 3, 1, 1, 1, 0, 1, 0, 1, 0, 0, 1, 0, 1, 2, 1, 4, 2, 5, 2, 2, 5, 6, 2, 5, 4], 'full': [3, 3, 4, 2, 1, 2, 0, 1, 0, 2, 2, 5, 3, 5, 5, 6, 4, 7, 4, 3, 2, 3, 3, 4, 5, 4, 8, 7, 3, 0, 1, 2, 0, 2, 6, 4, 4, 7, 5, 9, 13, 8, 11, 6, 3, 7, 4, 3, 2, 2, 5, 0, 2, 1, 0, 0, 2, 2, 4, 4, 7, 10, 13, 9, 10, 6, 13, 10, 13, 27, 11, 10, 7, 6, 12, 16, 9, 3, 3, 6, 2, 7, 4, 11, 20, 22, 30, 32, 27, 46, 39, 33, 32, 63, 49, 23, 25, 29, 33, 31, 21, 17, 7, 13, 6, 8, 2, 14, 25, 38, 29, 27, 39, 43, 40, 43, 58, 45, 49, 41, 48, 37, 33, 42, 17, 35, 19, 19, 21, 16, 20, 30, 57, 69, 103, 91, 75, 73, 80, 74, 92, 81, 82, 65, 54, 73, 47, 55, 49, 26, 26, 23, 13, 14, 22, 32, 43, 51, 43, 57, 54, 49, 50, 42, 29, 48, 33, 42, 30, 25, 34, 25, 13, 9, 1, 11, 7, 7, 7, 14, 27, 26, 19, 25, 32, 27, 27, 29, 26, 30, 34, 31, 20, 20, 16, 16, 9, 5, 4, 2, 0, 9, 11, 10, 18, 14, 19, 29, 23, 21, 23, 22, 17, 18, 23, 34, 19, 23, 29, 54, 31, 16, 8, 6, 8, 8, 13, 13, 26, 28, 45, 41, 40, 24, 37, 21, 33, 25, 27, 17, 12, 16, 13, 16, 17, 3, 6, 3, 7, 8, 2, 7, 19, 22, 14, 24, 27, 18, 26, 19, 13, 27, 16, 11, 7, 8, 7, 12, 8, 5, 3, 2, 1, 7, 7, 4, 7, 13, 14, 11, 17, 17, 12, 13, 14, 16, 19, 10, 9, 4, 10, 7, 4, 8, 1, 3, 2, 2, 4, 9, 12, 8, 5, 18, 12, 11, 8, 14, 10, 9, 9, 6, 11, 11, 6, 3, 5, 7, 2, 4, 7, 5, 2, 4, 5, 5, 14, 9, 8, 9, 14, 5, 12, 12, 8, 16, 9, 9, 5, 7, 5, 3, 1, 5, 2, 5, 3, 3, 10, 12, 10, 11, 16, 12, 16, 12, 10, 10, 3, 17, 8, 6, 10, 13, 6, 6, 5, 5, 2, 5, 5, 14, 7, 8, 10, 11, 18, 10, 5, 10, 10, 21, 8, 12, 9, 10, 2, 7, 2, 3, 2, 5, 1, 4, 3, 5, 6, 7, 11, 8, 10, 18, 16, 10, 10, 7, 10, 10, 7, 9, 5, 6, 2, 3, 4, 2, 1, 6, 4, 8, 4, 13, 11, 3, 16, 6, 12, 7, 14, 8, 6, 3, 4, 6, 7, 6, 6, 5, 1, 3, 5, 3, 5, 4, 9, 9, 12, 10, 10, 10, 7, 6, 3, 6, 6, 5, 3, 3, 1, 4, 4, 2, 0, 0, 2, 2, 2, 6, 3, 7, 4, 10, 3, 1, 10, 2, 7, 7, 11, 10, 5, 8, 4, 4, 5, 2, 2, 1, 2, 2, 4, 6, 3, 9, 12, 13, 7, 11, 6, 9, 16, 10, 11, 12], 'flood': [5, 14, 16, 5, 2, 5, 2, 5, 5, 2, 4, 6, 8, 13, 7, 18, 4, 9, 11, 5, 5, 4, 4, 6, 3, 5, 12, 4, 1, 2, 1, 2, 1, 2, 6, 6, 10, 8, 7, 5, 8, 15, 14, 10, 9, 11, 4, 7, 14, 9, 2, 5, 2, 3, 0, 7, 0, 1, 4, 7, 10, 14, 7, 17, 13, 11, 13, 16, 13, 20, 10, 10, 8, 12, 13, 27, 9, 6, 3, 5, 0, 5, 12, 15, 18, 32, 29, 46, 28, 42, 53, 39, 41, 74, 48, 37, 32, 27, 22, 29, 17, 17, 7, 15, 7, 13, 17, 26, 39, 51, 55, 62, 43, 46, 42, 51, 58, 67, 59, 69, 64, 37, 55, 59, 24, 34, 37, 42, 22, 49, 44, 56, 96, 103, 117, 136, 123, 152, 137, 98, 130, 154, 155, 123, 135, 128, 185, 157, 113, 93, 69, 83, 50, 117, 114, 151, 177, 155, 202, 179, 141, 139, 146, 161, 117, 120, 116, 94, 87, 72, 76, 69, 57, 47, 35, 49, 41, 54, 66, 75, 111, 102, 121, 127, 128, 116, 91, 91, 109, 125, 107, 109, 60, 60, 47, 35, 40, 35, 29, 35, 30, 35, 68, 62, 86, 89, 103, 101, 110, 81, 88, 91, 80, 83, 92, 107, 233, 168, 355, 539, 434, 278, 207, 212, 182, 204, 265, 342, 424, 461, 538, 520, 545, 449, 379, 342, 315, 313, 290, 242, 204, 186, 166, 170, 136, 115, 82, 124, 87, 90, 96, 136, 153, 170, 161, 187, 166, 155, 141, 144, 94, 110, 94, 84, 72, 52, 50, 42, 45, 36, 22, 42, 27, 19, 31, 44, 37, 53, 58, 61, 72, 64, 45, 55, 46, 55, 56, 43, 24, 26, 25, 19, 17, 19, 15, 18, 13, 15, 22, 22, 22, 39, 38, 44, 40, 38, 58, 31, 35, 34, 35, 33, 29, 27, 19, 20, 19, 9, 12, 17, 14, 18, 19, 27, 30, 26, 41, 44, 33, 36, 43, 57, 41, 30, 32, 38, 18, 29, 24, 20, 10, 10, 9, 16, 12, 10, 13, 39, 43, 39, 53, 53, 56, 40, 60, 50, 50, 51, 46, 36, 33, 39, 22, 17, 21, 13, 8, 15, 9, 9, 10, 19, 27, 29, 45, 39, 56, 42, 28, 26, 27, 42, 28, 19, 15, 26, 16, 13, 13, 11, 6, 6, 6, 10, 7, 16, 20, 23, 30, 28, 26, 23, 19, 29, 17, 24, 7, 20, 18, 14, 8, 7, 7, 5, 8, 7, 6, 5, 8, 12, 20, 27, 15, 24, 23, 27, 28, 22, 17, 19, 9, 8, 8, 10, 9, 1, 9, 6, 5, 5, 4, 6, 8, 4, 9, 8, 11, 4, 13, 20, 11, 9, 13, 6, 10, 11, 9, 3, 2, 5, 7, 3, 1, 4, 2, 5, 3, 4, 9, 9, 11, 19, 19, 20, 23, 27, 22, 23, 32, 43, 16, 22, 11, 13, 13, 11, 8, 5, 6, 11, 14, 20, 38, 47, 34, 47, 32, 39, 39, 34, 43, 47, 34, 19], 'victim': [4, 1, 1, 2, 0, 1, 2, 0, 0, 0, 0, 0, 2, 4, 3, 0, 2, 1, 2, 3, 0, 1, 4, 0, 4, 0, 1, 1, 2, 1, 1, 2, 0, 2, 1, 0, 0, 2, 2, 2, 0, 4, 2, 2, 0, 2, 3, 1, 2, 2, 0, 1, 0, 0, 0, 0, 1, 1, 2, 1, 1, 1, 1, 2, 1, 0, 1, 3, 2, 1, 3, 4, 4, 1, 0, 0, 3, 0, 0, 2, 1, 0, 1, 1, 2, 0, 3, 2, 1, 3, 4, 7, 1, 1, 2, 3, 8, 4, 3, 5, 7, 0, 2, 1, 0, 0, 0, 1, 5, 7, 2, 3, 13, 3, 3, 5, 10, 3, 2, 11, 4, 8, 8, 4, 9, 3, 3, 4, 2, 2, 5, 9, 21, 14, 27, 16, 20, 23, 10, 22, 31, 33, 22, 26, 18, 24, 32, 29, 24, 20, 12, 20, 13, 6, 17, 31, 38, 38, 47, 52, 53, 54, 59, 50, 41, 39, 47, 35, 29, 33, 23, 25, 14, 7, 7, 7, 11, 6, 14, 22, 25, 31, 31, 35, 37, 44, 40, 39, 37, 31, 35, 32, 15, 26, 21, 18, 12, 6, 8, 6, 2, 12, 5, 10, 22, 27, 33, 28, 20, 32, 36, 34, 21, 16, 23, 15, 16, 18, 14, 18, 7, 7, 2, 3, 6, 4, 8, 13, 25, 26, 33, 34, 47, 42, 35, 23, 37, 24, 25, 25, 17, 14, 27, 22, 6, 8, 8, 10, 10, 10, 6, 20, 22, 21, 26, 28, 37, 37, 25, 27, 42, 49, 39, 29, 22, 20, 16, 11, 6, 7, 6, 9, 5, 3, 9, 7, 15, 18, 15, 18, 14, 17, 8, 13, 18, 15, 8, 7, 14, 6, 10, 13, 3, 2, 2, 8, 6, 6, 8, 1, 24, 17, 25, 23, 26, 17, 32, 23, 19, 18, 13, 14, 9, 14, 9, 7, 8, 1, 6, 8, 3, 5, 6, 4, 10, 17, 15, 12, 17, 16, 14, 14, 14, 9, 12, 10, 7, 5, 2, 4, 2, 4, 1, 6, 3, 3, 4, 6, 13, 8, 7, 20, 22, 13, 25, 31, 21, 21, 16, 15, 8, 10, 7, 8, 6, 6, 1, 3, 4, 3, 3, 7, 5, 9, 8, 14, 15, 11, 10, 18, 13, 15, 16, 12, 12, 4, 11, 3, 4, 6, 0, 2, 0, 3, 4, 4, 8, 17, 14, 15, 12, 10, 16, 15, 19, 8, 12, 9, 6, 11, 5, 2, 5, 3, 1, 3, 3, 6, 5, 3, 7, 24, 26, 21, 13, 17, 12, 9, 13, 14, 5, 7, 7, 10, 2, 4, 2, 2, 1, 2, 0, 2, 0, 2, 2, 3, 4, 10, 9, 11, 3, 6, 4, 6, 10, 4, 6, 4, 5, 2, 0, 1, 1, 2, 3, 0, 0, 0, 4, 2, 1, 3, 4, 5, 4, 7, 5, 5, 7, 2, 2, 6, 1, 4, 4, 1, 1, 3, 0, 1, 1, 2, 1, 5, 6, 9, 11, 2, 11, 7, 9, 6, 12, 4]}
